## htsjdk.samtools.metrics.StringHeader
# MarkDuplicates INPUT=[S41F.sorted.bam] OUTPUT=../output/11-RNAseq-snps/S41F.dedup.bam METRICS_FILE=../output/11-RNAseq-snps/S41F.dup_metrics.txt REMOVE_DUPLICATES=true    MAX_SEQUENCES_FOR_DISK_READ_ENDS_MAP=50000 MAX_FILE_HANDLES_FOR_READ_ENDS_MAP=8000 SORTING_COLLECTION_SIZE_RATIO=0.25 TAG_DUPLICATE_SET_MEMBERS=false REMOVE_SEQUENCING_DUPLICATES=false TAGGING_POLICY=DontTag CLEAR_DT=true DUPLEX_UMI=false ADD_PG_TAG_TO_READS=true ASSUME_SORTED=false DUPLICATE_SCORING_STRATEGY=SUM_OF_BASE_QUALITIES PROGRAM_RECORD_ID=MarkDuplicates PROGRAM_GROUP_NAME=MarkDuplicates READ_NAME_REGEX=<optimized capture of last three ':' separated fields as numeric values> OPTICAL_DUPLICATE_PIXEL_DISTANCE=100 MAX_OPTICAL_DUPLICATE_SET_SIZE=300000 VERBOSITY=INFO QUIET=false VALIDATION_STRINGENCY=STRICT COMPRESSION_LEVEL=2 MAX_RECORDS_IN_RAM=500000 CREATE_INDEX=false CREATE_MD5_FILE=false GA4GH_CLIENT_SECRETS=client_secrets.json USE_JDK_DEFLATER=false USE_JDK_INFLATER=false
## htsjdk.samtools.metrics.StringHeader
# Started on: Wed Mar 09 12:13:31 PST 2022

## METRICS CLASS	picard.sam.DuplicationMetrics
LIBRARY	UNPAIRED_READS_EXAMINED	READ_PAIRS_EXAMINED	SECONDARY_OR_SUPPLEMENTARY_RDS	UNMAPPED_READS	UNPAIRED_READ_DUPLICATES	READ_PAIR_DUPLICATES	READ_PAIR_OPTICAL_DUPLICATES	PERCENT_DUPLICATION	ESTIMATED_LIBRARY_SIZE
Unknown Library	1945233	16370998	11451332	9570203	862769	4457726	65273	0.281897	24542958

## HISTOGRAM	java.lang.Double
BIN	CoverageMult	all_sets	optical_sets	non_optical_sets
1.0	1.002816	10502940	0	10543862
2.0	1.517489	1014966	60589	981808
3.0	1.781634	177099	1387	171360
4.0	1.917201	63175	268	62188
5.0	1.986778	33674	97	33305
6.0	2.022486	21251	40	21127
7.0	2.040813	14716	20	14579
8.0	2.050219	10815	10	10810
9.0	2.055046	8467	15	8369
10.0	2.057524	6573	4	6543
11.0	2.058795	5342	2	5307
12.0	2.059448	4427	2	4428
13.0	2.059783	3792	2	3764
14.0	2.059955	3320	1	3303
15.0	2.060043	2852	2	2846
16.0	2.060088	2516	1	2508
17.0	2.060111	2103	1	2094
18.0	2.060123	1951	2	1924
19.0	2.060129	1813	0	1810
20.0	2.060132	1647	0	1625
21.0	2.060134	1412	0	1433
22.0	2.060135	1386	0	1382
23.0	2.060135	1284	0	1267
24.0	2.060136	1144	0	1149
25.0	2.060136	1061	0	1039
26.0	2.060136	963	0	968
27.0	2.060136	883	0	886
28.0	2.060136	840	0	832
29.0	2.060136	778	0	792
30.0	2.060136	689	0	663
31.0	2.060136	680	0	672
32.0	2.060136	610	0	596
33.0	2.060136	601	0	631
34.0	2.060136	605	0	601
35.0	2.060136	534	0	514
36.0	2.060136	487	0	493
37.0	2.060136	464	0	471
38.0	2.060136	461	0	469
39.0	2.060136	477	0	449
40.0	2.060136	397	0	394
41.0	2.060136	383	0	385
42.0	2.060136	357	0	362
43.0	2.060136	362	0	361
44.0	2.060136	343	0	340
45.0	2.060136	331	0	331
46.0	2.060136	319	0	316
47.0	2.060136	316	0	326
48.0	2.060136	288	0	286
49.0	2.060136	294	0	288
50.0	2.060136	315	0	305
51.0	2.060136	241	0	242
52.0	2.060136	271	0	282
53.0	2.060136	243	0	214
54.0	2.060136	203	0	219
55.0	2.060136	251	0	250
56.0	2.060136	201	0	200
57.0	2.060136	224	0	223
58.0	2.060136	194	0	191
59.0	2.060136	175	0	181
60.0	2.060136	179	0	188
61.0	2.060136	187	0	168
62.0	2.060136	170	0	170
63.0	2.060136	164	0	178
64.0	2.060136	182	0	176
65.0	2.060136	147	0	135
66.0	2.060136	148	0	153
67.0	2.060136	146	0	143
68.0	2.060136	138	0	124
69.0	2.060136	127	0	132
70.0	2.060136	125	0	128
71.0	2.060136	115	0	113
72.0	2.060136	125	0	129
73.0	2.060136	125	0	126
74.0	2.060136	111	0	107
75.0	2.060136	111	0	120
76.0	2.060136	134	0	125
77.0	2.060136	120	0	112
78.0	2.060136	106	0	114
79.0	2.060136	92	0	90
80.0	2.060136	101	0	109
81.0	2.060136	116	0	107
82.0	2.060136	81	0	80
83.0	2.060136	89	0	96
84.0	2.060136	82	0	80
85.0	2.060136	84	0	92
86.0	2.060136	111	0	97
87.0	2.060136	68	0	77
88.0	2.060136	84	0	78
89.0	2.060136	84	0	82
90.0	2.060136	93	0	90
91.0	2.060136	71	0	76
92.0	2.060136	78	0	75
93.0	2.060136	90	0	77
94.0	2.060136	63	0	67
95.0	2.060136	67	0	85
96.0	2.060136	75	0	62
97.0	2.060136	70	0	74
98.0	2.060136	73	0	62
99.0	2.060136	72	0	68
100.0	2.060136	51	0	58
101.0	0	56	0	60
102.0	0	51	0	54
103.0	0	65	0	63
104.0	0	68	0	63
105.0	0	57	0	55
106.0	0	56	0	60
107.0	0	51	0	55
108.0	0	52	0	54
109.0	0	48	0	47
110.0	0	62	0	63
111.0	0	59	0	44
112.0	0	51	0	57
113.0	0	48	0	49
114.0	0	39	0	36
115.0	0	37	0	50
116.0	0	62	0	49
117.0	0	42	0	44
118.0	0	42	0	40
119.0	0	33	0	32
120.0	0	32	0	30
121.0	0	35	0	36
122.0	0	50	0	46
123.0	0	44	0	46
124.0	0	31	0	37
125.0	0	44	0	35
126.0	0	35	0	37
127.0	0	33	0	40
128.0	0	39	0	43
129.0	0	40	0	32
130.0	0	36	0	42
131.0	0	36	0	30
132.0	0	37	0	42
133.0	0	29	0	26
134.0	0	38	0	35
135.0	0	37	0	36
136.0	0	24	0	27
137.0	0	36	0	39
138.0	0	40	0	36
139.0	0	28	0	18
140.0	0	23	0	29
141.0	0	24	0	24
142.0	0	20	0	24
143.0	0	25	0	23
144.0	0	31	0	29
145.0	0	25	0	23
146.0	0	32	0	31
147.0	0	27	0	26
148.0	0	29	0	35
149.0	0	23	0	21
150.0	0	25	0	31
151.0	0	32	0	33
152.0	0	41	0	29
153.0	0	17	0	18
154.0	0	20	0	18
155.0	0	22	0	24
156.0	0	27	0	38
157.0	0	23	0	25
158.0	0	26	0	16
159.0	0	18	0	16
160.0	0	14	0	19
161.0	0	22	0	18
162.0	0	22	0	24
163.0	0	24	0	21
164.0	0	21	0	25
165.0	0	20	0	13
166.0	0	23	0	28
167.0	0	15	0	20
168.0	0	20	0	23
169.0	0	33	0	25
170.0	0	13	0	14
171.0	0	24	0	28
172.0	0	17	0	13
173.0	0	18	0	9
174.0	0	11	0	16
175.0	0	15	0	17
176.0	0	16	0	19
177.0	0	20	0	22
178.0	0	19	0	10
179.0	0	14	0	21
180.0	0	17	0	18
181.0	0	19	0	18
182.0	0	21	0	15
183.0	0	16	0	15
184.0	0	10	0	7
185.0	0	13	0	20
186.0	0	16	0	16
187.0	0	18	0	17
188.0	0	16	0	11
189.0	0	10	0	14
190.0	0	10	0	13
191.0	0	23	0	19
192.0	0	19	0	19
193.0	0	11	0	12
194.0	0	13	0	12
195.0	0	14	0	13
196.0	0	17	0	15
197.0	0	12	0	12
198.0	0	9	0	14
199.0	0	15	0	11
200.0	0	9	0	9
201.0	0	11	0	8
202.0	0	8	0	7
203.0	0	7	0	8
204.0	0	11	0	14
205.0	0	10	0	8
206.0	0	7	0	10
207.0	0	8	0	7
208.0	0	9	0	13
209.0	0	10	0	8
210.0	0	11	0	11
211.0	0	9	0	11
212.0	0	10	0	12
213.0	0	11	0	9
214.0	0	12	0	11
215.0	0	7	0	12
216.0	0	19	0	14
217.0	0	14	0	14
218.0	0	8	0	12
219.0	0	13	0	10
220.0	0	13	0	5
221.0	0	9	0	21
222.0	0	16	0	11
223.0	0	11	0	10
224.0	0	14	0	10
225.0	0	6	0	10
226.0	0	10	0	5
227.0	0	6	0	7
228.0	0	6	0	3
229.0	0	5	0	8
230.0	0	8	0	8
231.0	0	8	0	9
232.0	0	7	0	6
233.0	0	7	0	5
234.0	0	7	0	8
235.0	0	6	0	7
236.0	0	8	0	4
237.0	0	5	0	9
238.0	0	7	0	9
239.0	0	7	0	0
240.0	0	2	0	7
241.0	0	3	0	9
242.0	0	14	0	9
243.0	0	8	0	9
244.0	0	7	0	8
245.0	0	4	0	7
246.0	0	9	0	11
247.0	0	12	0	7
248.0	0	7	0	8
249.0	0	7	0	5
250.0	0	9	0	7
251.0	0	7	0	8
252.0	0	7	0	6
253.0	0	9	0	11
254.0	0	8	0	12
255.0	0	9	0	2
256.0	0	5	0	10
257.0	0	7	0	8
258.0	0	11	0	6
259.0	0	11	0	8
260.0	0	4	0	5
261.0	0	5	0	5
262.0	0	1	0	7
263.0	0	9	0	8
264.0	0	9	0	5
265.0	0	3	0	1
266.0	0	8	0	10
267.0	0	5	0	8
268.0	0	7	0	8
269.0	0	5	0	2
270.0	0	3	0	2
271.0	0	7	0	6
272.0	0	6	0	11
273.0	0	9	0	7
274.0	0	6	0	3
275.0	0	6	0	5
276.0	0	1	0	4
277.0	0	4	0	3
278.0	0	6	0	8
279.0	0	9	0	7
280.0	0	6	0	2
281.0	0	1	0	6
282.0	0	8	0	5
283.0	0	3	0	1
284.0	0	2	0	7
285.0	0	5	0	5
286.0	0	6	0	7
287.0	0	4	0	3
288.0	0	5	0	3
289.0	0	6	0	3
290.0	0	4	0	5
291.0	0	4	0	7
292.0	0	5	0	4
293.0	0	4	0	8
294.0	0	9	0	7
295.0	0	4	0	5
296.0	0	6	0	2
297.0	0	3	0	3
298.0	0	3	0	2
299.0	0	3	0	4
300.0	0	3	0	3
301.0	0	2	0	8
302.0	0	10	0	4
303.0	0	2	0	7
304.0	0	4	0	5
305.0	0	6	0	1
306.0	0	4	0	3
307.0	0	2	0	4
308.0	0	3	0	6
309.0	0	5	0	5
310.0	0	3	0	7
311.0	0	10	0	2
312.0	0	7	0	6
313.0	0	1	0	2
314.0	0	4	0	7
315.0	0	7	0	9
316.0	0	8	0	3
317.0	0	6	0	6
318.0	0	4	0	6
319.0	0	6	0	6
320.0	0	7	0	3
321.0	0	1	0	2
322.0	0	3	0	6
323.0	0	4	0	2
324.0	0	8	0	6
325.0	0	2	0	0
326.0	0	1	0	4
327.0	0	3	0	2
328.0	0	2	0	6
329.0	0	3	0	2
330.0	0	4	0	3
331.0	0	2	0	2
332.0	0	4	0	4
333.0	0	3	0	3
334.0	0	5	0	4
335.0	0	2	0	3
336.0	0	2	0	3
337.0	0	3	0	1
338.0	0	1	0	2
339.0	0	4	0	3
340.0	0	2	0	3
341.0	0	5	0	5
342.0	0	2	0	8
343.0	0	6	0	2
344.0	0	3	0	3
345.0	0	2	0	2
346.0	0	5	0	5
347.0	0	5	0	4
348.0	0	3	0	2
349.0	0	3	0	2
350.0	0	3	0	2
351.0	0	3	0	3
352.0	0	3	0	3
353.0	0	2	0	1
354.0	0	1	0	2
355.0	0	2	0	0
356.0	0	0	0	2
357.0	0	4	0	4
358.0	0	1	0	6
359.0	0	2	0	1
360.0	0	3	0	1
361.0	0	3	0	2
362.0	0	2	0	1
363.0	0	3	0	2
364.0	0	0	0	1
365.0	0	3	0	3
366.0	0	1	0	1
367.0	0	1	0	6
368.0	0	4	0	3
369.0	0	8	0	5
370.0	0	3	0	1
371.0	0	1	0	1
372.0	0	2	0	5
373.0	0	5	0	3
374.0	0	4	0	2
375.0	0	4	0	5
376.0	0	1	0	4
377.0	0	3	0	2
378.0	0	1	0	2
379.0	0	6	0	4
380.0	0	3	0	1
381.0	0	1	0	1
382.0	0	2	0	3
383.0	0	1	0	1
384.0	0	2	0	1
385.0	0	0	0	3
386.0	0	3	0	2
387.0	0	2	0	2
388.0	0	1	0	2
389.0	0	1	0	1
390.0	0	3	0	0
391.0	0	1	0	1
392.0	0	1	0	4
393.0	0	2	0	2
394.0	0	1	0	1
395.0	0	2	0	0
396.0	0	1	0	1
397.0	0	1	0	1
398.0	0	1	0	1
399.0	0	0	0	3
400.0	0	4	0	3
401.0	0	3	0	3
402.0	0	3	0	0
403.0	0	0	0	1
404.0	0	3	0	1
408.0	0	0	0	5
409.0	0	4	0	2
410.0	0	2	0	2
411.0	0	1	0	3
412.0	0	4	0	3
413.0	0	3	0	2
414.0	0	1	0	1
415.0	0	1	0	0
416.0	0	1	0	1
417.0	0	2	0	2
418.0	0	1	0	2
419.0	0	1	0	1
420.0	0	0	0	1
421.0	0	2	0	2
422.0	0	1	0	1
423.0	0	3	0	3
424.0	0	2	0	1
425.0	0	0	0	3
426.0	0	2	0	2
427.0	0	3	0	2
428.0	0	4	0	2
430.0	0	2	0	2
431.0	0	3	0	2
433.0	0	1	0	3
434.0	0	3	0	0
435.0	0	1	0	1
436.0	0	0	0	1
438.0	0	0	0	2
439.0	0	1	0	3
441.0	0	4	0	1
442.0	0	1	0	1
443.0	0	3	0	3
446.0	0	4	0	2
447.0	0	1	0	2
448.0	0	0	0	2
449.0	0	1	0	1
450.0	0	3	0	3
451.0	0	2	0	1
452.0	0	1	0	0
453.0	0	1	0	3
454.0	0	1	0	1
455.0	0	2	0	1
456.0	0	2	0	0
458.0	0	1	0	3
460.0	0	1	0	2
461.0	0	2	0	1
462.0	0	1	0	3
463.0	0	2	0	1
464.0	0	2	0	1
465.0	0	1	0	0
466.0	0	1	0	1
467.0	0	1	0	3
468.0	0	2	0	1
469.0	0	1	0	3
470.0	0	3	0	3
471.0	0	4	0	0
472.0	0	1	0	1
474.0	0	2	0	2
475.0	0	0	0	1
476.0	0	1	0	3
477.0	0	1	0	0
478.0	0	1	0	1
479.0	0	2	0	2
480.0	0	2	0	0
483.0	0	1	0	1
484.0	0	0	0	1
485.0	0	1	0	1
486.0	0	1	0	1
487.0	0	1	0	0
489.0	0	1	0	3
490.0	0	1	0	0
491.0	0	2	0	1
492.0	0	1	0	1
494.0	0	0	0	1
497.0	0	0	0	3
498.0	0	1	0	3
499.0	0	4	0	0
500.0	0	1	0	2
501.0	0	2	0	3
502.0	0	4	0	0
503.0	0	1	0	1
504.0	0	2	0	2
506.0	0	1	0	1
508.0	0	0	0	1
509.0	0	0	0	1
510.0	0	0	0	1
511.0	0	1	0	0
512.0	0	1	0	1
513.0	0	1	0	4
514.0	0	3	0	0
515.0	0	3	0	0
516.0	0	0	0	2
517.0	0	1	0	0
518.0	0	1	0	1
519.0	0	1	0	2
520.0	0	0	0	2
521.0	0	2	0	1
522.0	0	2	0	0
523.0	0	1	0	0
524.0	0	0	0	1
527.0	0	0	0	1
528.0	0	1	0	1
529.0	0	1	0	1
530.0	0	1	0	2
532.0	0	3	0	0
533.0	0	0	0	1
536.0	0	0	0	2
537.0	0	1	0	1
538.0	0	0	0	1
539.0	0	2	0	2
540.0	0	1	0	0
541.0	0	1	0	1
542.0	0	1	0	1
543.0	0	1	0	0
544.0	0	2	0	0
546.0	0	0	0	1
547.0	0	1	0	1
549.0	0	0	0	1
550.0	0	1	0	0
551.0	0	1	0	0
554.0	0	1	0	1
557.0	0	0	0	3
558.0	0	2	0	0
559.0	0	0	0	1
560.0	0	1	0	0
561.0	0	0	0	1
562.0	0	0	0	1
563.0	0	1	0	1
564.0	0	1	0	1
565.0	0	3	0	1
567.0	0	1	0	1
568.0	0	0	0	3
570.0	0	1	0	0
571.0	0	2	0	1
573.0	0	1	0	0
575.0	0	1	0	1
577.0	0	0	0	1
578.0	0	1	0	0
581.0	0	1	0	0
585.0	0	0	0	2
586.0	0	1	0	1
589.0	0	1	0	0
590.0	0	1	0	0
591.0	0	0	0	1
592.0	0	0	0	1
594.0	0	1	0	0
595.0	0	0	0	1
596.0	0	1	0	1
597.0	0	0	0	1
598.0	0	1	0	0
599.0	0	1	0	0
600.0	0	0	0	1
601.0	0	0	0	1
602.0	0	1	0	0
603.0	0	1	0	1
605.0	0	2	0	1
606.0	0	0	0	1
607.0	0	1	0	0
610.0	0	0	0	1
612.0	0	1	0	0
613.0	0	0	0	1
614.0	0	0	0	1
615.0	0	4	0	5
616.0	0	1	0	0
617.0	0	3	0	2
619.0	0	0	0	1
620.0	0	1	0	0
621.0	0	0	0	2
622.0	0	1	0	0
623.0	0	2	0	1
625.0	0	1	0	1
626.0	0	2	0	1
627.0	0	1	0	0
629.0	0	0	0	1
630.0	0	0	0	1
631.0	0	0	0	2
632.0	0	1	0	0
633.0	0	1	0	0
634.0	0	0	0	1
635.0	0	1	0	1
636.0	0	1	0	0
637.0	0	1	0	0
638.0	0	1	0	0
639.0	0	0	0	1
640.0	0	0	0	1
642.0	0	1	0	0
643.0	0	1	0	1
647.0	0	1	0	1
649.0	0	1	0	0
657.0	0	0	0	1
658.0	0	0	0	1
659.0	0	2	0	1
661.0	0	1	0	1
662.0	0	0	0	1
664.0	0	2	0	0
666.0	0	0	0	1
669.0	0	0	0	1
670.0	0	1	0	0
673.0	0	1	0	0
674.0	0	0	0	1
676.0	0	0	0	2
677.0	0	1	0	2
678.0	0	1	0	1
679.0	0	2	0	1
680.0	0	2	0	0
683.0	0	1	0	0
686.0	0	0	0	2
687.0	0	0	0	1
688.0	0	1	0	0
689.0	0	1	0	2
691.0	0	1	0	0
692.0	0	1	0	0
695.0	0	0	0	2
696.0	0	1	0	0
697.0	0	1	0	0
699.0	0	1	0	0
703.0	0	0	0	3
705.0	0	1	0	0
706.0	0	2	0	0
707.0	0	0	0	2
709.0	0	1	0	1
710.0	0	1	0	0
711.0	0	0	0	1
712.0	0	2	0	0
713.0	0	0	0	1
715.0	0	1	0	0
717.0	0	0	0	1
721.0	0	0	0	1
722.0	0	0	0	1
723.0	0	1	0	0
724.0	0	1	0	0
725.0	0	1	0	0
729.0	0	0	0	1
730.0	0	0	0	1
734.0	0	0	0	1
735.0	0	3	0	1
739.0	0	0	0	2
740.0	0	1	0	0
741.0	0	0	0	1
742.0	0	3	0	1
745.0	0	1	0	1
746.0	0	0	0	1
747.0	0	0	0	1
749.0	0	1	0	0
750.0	0	0	0	1
751.0	0	1	0	0
752.0	0	1	0	0
754.0	0	1	0	0
755.0	0	0	0	1
758.0	0	1	0	0
761.0	0	0	0	1
762.0	0	0	0	1
763.0	0	1	0	0
764.0	0	0	0	1
766.0	0	1	0	0
768.0	0	1	0	0
770.0	0	0	0	1
772.0	0	1	0	0
773.0	0	0	0	1
774.0	0	0	0	1
775.0	0	1	0	0
778.0	0	1	0	1
783.0	0	1	0	0
784.0	0	0	0	1
786.0	0	0	0	1
791.0	0	1	0	0
794.0	0	1	0	0
811.0	0	0	0	1
817.0	0	1	0	0
826.0	0	0	0	1
828.0	0	0	0	1
829.0	0	1	0	0
830.0	0	1	0	0
834.0	0	0	0	1
836.0	0	1	0	1
838.0	0	1	0	0
840.0	0	0	0	1
842.0	0	1	0	1
846.0	0	1	0	1
850.0	0	1	0	0
857.0	0	1	0	1
865.0	0	0	0	1
871.0	0	1	0	1
872.0	0	0	0	1
873.0	0	1	0	0
875.0	0	0	0	1
878.0	0	0	0	1
879.0	0	1	0	0
880.0	0	1	0	0
882.0	0	1	0	0
896.0	0	0	0	1
897.0	0	1	0	0
898.0	0	0	0	1
900.0	0	0	0	1
906.0	0	2	0	0
924.0	0	0	0	1
928.0	0	1	0	0
944.0	0	0	0	1
946.0	0	1	0	0
960.0	0	0	0	1
961.0	0	0	0	1
965.0	0	1	0	0
968.0	0	1	0	0
976.0	0	0	0	1
979.0	0	1	0	0
980.0	0	0	0	1
982.0	0	1	0	0
984.0	0	0	0	1
989.0	0	1	0	0
990.0	0	0	0	1
995.0	0	1	0	0
999.0	0	0	0	1
1002.0	0	0	0	1
1005.0	0	2	0	0
1015.0	0	0	0	1
1020.0	0	1	0	0
1033.0	0	0	0	1
1038.0	0	1	0	0
1044.0	0	0	0	1
1045.0	0	0	0	2
1046.0	0	0	0	1
1047.0	0	1	0	1
1051.0	0	1	0	0
1052.0	0	1	0	0
1053.0	0	1	0	0
1054.0	0	1	0	0
1061.0	0	0	0	1
1069.0	0	1	0	1
1072.0	0	1	0	0
1079.0	0	0	0	1
1083.0	0	0	0	1
1085.0	0	0	0	1
1086.0	0	1	0	0
1088.0	0	1	0	1
1091.0	0	0	0	1
1093.0	0	2	0	0
1094.0	0	1	0	0
1096.0	0	0	0	1
1098.0	0	0	0	1
1099.0	0	1	0	0
1100.0	0	0	0	1
1103.0	0	1	0	1
1106.0	0	1	0	0
1108.0	0	1	0	0
1110.0	0	0	0	1
1116.0	0	1	0	1
1118.0	0	0	0	1
1124.0	0	1	0	0
1125.0	0	1	0	0
1126.0	0	0	0	2
1127.0	0	1	0	0
1128.0	0	1	0	0
1137.0	0	0	0	1
1138.0	0	0	0	1
1140.0	0	1	0	0
1141.0	0	0	0	1
1142.0	0	1	0	1
1144.0	0	0	0	1
1145.0	0	1	0	1
1146.0	0	0	0	1
1147.0	0	2	0	0
1149.0	0	1	0	0
1150.0	0	1	0	0
1155.0	0	0	0	1
1159.0	0	1	0	0
1202.0	0	0	0	1
1208.0	0	0	0	1
1209.0	0	1	0	0
1215.0	0	1	0	0
1253.0	0	0	0	1
1258.0	0	1	0	0
1271.0	0	0	0	1
1274.0	0	0	0	1
1280.0	0	1	0	0
1282.0	0	1	0	0
1298.0	0	0	0	1
1301.0	0	1	0	0
1307.0	0	0	0	1
1310.0	0	1	0	0
1383.0	0	0	0	1
1389.0	0	1	0	0
1390.0	0	0	0	1
1393.0	0	1	0	0
1396.0	0	0	0	1
1399.0	0	1	0	0
1469.0	0	0	0	1
1479.0	0	0	0	1
1481.0	0	1	0	0
1487.0	0	1	0	1
1489.0	0	1	0	0
1490.0	0	0	0	1
1496.0	0	1	0	0
1498.0	0	0	0	1
1507.0	0	1	0	0
1549.0	0	0	0	1
1556.0	0	0	0	1
1557.0	0	1	0	0
1566.0	0	1	0	0
1567.0	0	0	0	1
1570.0	0	0	0	1
1575.0	0	1	0	0
1577.0	0	1	0	0
1578.0	0	0	0	1
1590.0	0	1	0	0
1598.0	0	0	0	1
1609.0	0	1	0	0
1645.0	0	0	0	1
1656.0	0	1	0	0
1694.0	0	0	0	1
1709.0	0	1	0	0
1783.0	0	0	0	1
1790.0	0	1	0	0
1824.0	0	0	0	1
1838.0	0	0	0	1
1840.0	0	1	0	0
1847.0	0	1	0	0
1869.0	0	0	0	1
1873.0	0	1	0	0
2063.0	0	0	0	1
2080.0	0	1	0	0
2156.0	0	0	0	1
2169.0	0	1	0	0
2194.0	0	0	0	1
2203.0	0	1	0	0
2306.0	0	0	0	1
2320.0	0	1	0	0
2376.0	0	0	0	1
2384.0	0	1	0	0
2582.0	0	0	0	1
2592.0	0	1	0	0
2634.0	0	0	0	1
2648.0	0	1	0	0
2887.0	0	0	0	1
2904.0	0	1	0	0

