## htsjdk.samtools.metrics.StringHeader
# MarkDuplicates INPUT=[S64M.sorted.bam] OUTPUT=../output/11-RNAseq-snps/S64M.dedup.bam METRICS_FILE=../output/11-RNAseq-snps/S64M.dup_metrics.txt REMOVE_DUPLICATES=true    MAX_SEQUENCES_FOR_DISK_READ_ENDS_MAP=50000 MAX_FILE_HANDLES_FOR_READ_ENDS_MAP=8000 SORTING_COLLECTION_SIZE_RATIO=0.25 TAG_DUPLICATE_SET_MEMBERS=false REMOVE_SEQUENCING_DUPLICATES=false TAGGING_POLICY=DontTag CLEAR_DT=true DUPLEX_UMI=false ADD_PG_TAG_TO_READS=true ASSUME_SORTED=false DUPLICATE_SCORING_STRATEGY=SUM_OF_BASE_QUALITIES PROGRAM_RECORD_ID=MarkDuplicates PROGRAM_GROUP_NAME=MarkDuplicates READ_NAME_REGEX=<optimized capture of last three ':' separated fields as numeric values> OPTICAL_DUPLICATE_PIXEL_DISTANCE=100 MAX_OPTICAL_DUPLICATE_SET_SIZE=300000 VERBOSITY=INFO QUIET=false VALIDATION_STRINGENCY=STRICT COMPRESSION_LEVEL=2 MAX_RECORDS_IN_RAM=500000 CREATE_INDEX=false CREATE_MD5_FILE=false GA4GH_CLIENT_SECRETS=client_secrets.json USE_JDK_DEFLATER=false USE_JDK_INFLATER=false
## htsjdk.samtools.metrics.StringHeader
# Started on: Wed Mar 09 12:58:37 PST 2022

## METRICS CLASS	picard.sam.DuplicationMetrics
LIBRARY	UNPAIRED_READS_EXAMINED	READ_PAIRS_EXAMINED	SECONDARY_OR_SUPPLEMENTARY_RDS	UNMAPPED_READS	UNPAIRED_READ_DUPLICATES	READ_PAIR_DUPLICATES	READ_PAIR_OPTICAL_DUPLICATES	PERCENT_DUPLICATION	ESTIMATED_LIBRARY_SIZE
Unknown Library	2276775	15530639	30775357	13267241	692655	5330947	66434	0.340588	17196104

## HISTOGRAM	java.lang.Double
BIN	CoverageMult	all_sets	optical_sets	non_optical_sets
1.0	1.002645	9130536	0	9171358
2.0	1.409008	720501	59010	685677
3.0	1.573704	117600	1757	112979
4.0	1.640454	49676	444	48990
5.0	1.667507	30344	185	30181
6.0	1.678471	21548	78	21454
7.0	1.682915	16022	33	15948
8.0	1.684716	12514	38	12490
9.0	1.685446	9988	17	9969
10.0	1.685742	7940	16	7931
11.0	1.685862	6744	12	6696
12.0	1.68591	5907	5	5918
13.0	1.68593	4978	10	4936
14.0	1.685938	4396	5	4380
15.0	1.685941	3760	1	3780
16.0	1.685943	3460	0	3418
17.0	1.685943	3065	2	3079
18.0	1.685943	2767	0	2711
19.0	1.685943	2464	2	2478
20.0	1.685943	2303	1	2320
21.0	1.685943	1996	1	1955
22.0	1.685943	1800	2	1827
23.0	1.685943	1668	1	1653
24.0	1.685943	1528	1	1520
25.0	1.685943	1487	0	1473
26.0	1.685943	1352	0	1360
27.0	1.685943	1252	1	1243
28.0	1.685943	1169	0	1162
29.0	1.685943	1176	1	1179
30.0	1.685943	1045	0	1041
31.0	1.685943	995	0	983
32.0	1.685943	933	0	951
33.0	1.685943	857	0	825
34.0	1.685943	826	0	844
35.0	1.685943	834	0	824
36.0	1.685943	705	0	716
37.0	1.685943	748	0	750
38.0	1.685943	687	0	664
39.0	1.685943	661	0	671
40.0	1.685943	619	0	593
41.0	1.685943	592	0	617
42.0	1.685943	558	2	550
43.0	1.685943	530	0	528
44.0	1.685943	479	0	471
45.0	1.685943	472	0	485
46.0	1.685943	499	0	481
47.0	1.685943	464	0	470
48.0	1.685943	446	0	441
49.0	1.685943	381	0	378
50.0	1.685943	409	0	405
51.0	1.685943	383	0	388
52.0	1.685943	359	0	356
53.0	1.685943	361	0	355
54.0	1.685943	335	0	334
55.0	1.685943	319	0	316
56.0	1.685943	323	0	311
57.0	1.685943	280	0	300
58.0	1.685943	287	0	288
59.0	1.685943	286	0	275
60.0	1.685943	268	0	270
61.0	1.685943	273	0	271
62.0	1.685943	255	0	243
63.0	1.685943	214	0	228
64.0	1.685943	211	0	197
65.0	1.685943	237	0	235
66.0	1.685943	213	0	227
67.0	1.685943	202	0	180
68.0	1.685943	195	0	191
69.0	1.685943	210	0	221
70.0	1.685943	161	0	162
71.0	1.685943	203	0	196
72.0	1.685943	187	0	193
73.0	1.685943	173	0	177
74.0	1.685943	173	0	166
75.0	1.685943	172	0	187
76.0	1.685943	164	0	145
77.0	1.685943	138	0	153
78.0	1.685943	164	0	152
79.0	1.685943	174	0	186
80.0	1.685943	154	0	150
81.0	1.685943	141	0	142
82.0	1.685943	135	0	127
83.0	1.685943	140	0	130
84.0	1.685943	115	0	118
85.0	1.685943	124	0	131
86.0	1.685943	118	0	112
87.0	1.685943	95	0	96
88.0	1.685943	119	0	118
89.0	1.685943	113	0	116
90.0	1.685943	105	0	114
91.0	1.685943	119	0	112
92.0	1.685943	102	0	101
93.0	1.685943	119	0	115
94.0	1.685943	109	0	110
95.0	1.685943	95	0	93
96.0	1.685943	101	0	94
97.0	1.685943	73	0	75
98.0	1.685943	84	0	89
99.0	1.685943	92	0	106
100.0	1.685943	97	0	78
101.0	0	92	0	91
102.0	0	96	0	102
103.0	0	84	0	79
104.0	0	73	0	74
105.0	0	76	0	77
106.0	0	83	0	77
107.0	0	76	0	81
108.0	0	68	0	67
109.0	0	59	0	66
110.0	0	83	0	78
111.0	0	70	0	72
112.0	0	65	0	64
113.0	0	80	0	78
114.0	0	74	0	79
115.0	0	76	0	73
116.0	0	64	0	58
117.0	0	60	0	61
118.0	0	55	0	66
119.0	0	61	0	61
120.0	0	79	0	67
121.0	0	66	0	68
122.0	0	63	0	64
123.0	0	73	0	75
124.0	0	45	0	51
125.0	0	64	0	52
126.0	0	51	0	54
127.0	0	52	0	51
128.0	0	56	0	50
129.0	0	45	0	44
130.0	0	50	0	64
131.0	0	53	0	52
132.0	0	49	0	46
133.0	0	54	0	54
134.0	0	54	0	45
135.0	0	43	0	47
136.0	0	41	0	39
137.0	0	50	0	43
138.0	0	43	0	50
139.0	0	42	0	39
140.0	0	32	0	35
141.0	0	50	0	49
142.0	0	42	0	37
143.0	0	33	0	29
144.0	0	45	0	49
145.0	0	36	0	35
146.0	0	35	0	34
147.0	0	21	0	35
148.0	0	41	0	30
149.0	0	39	0	46
150.0	0	35	0	33
151.0	0	38	0	26
152.0	0	32	0	37
153.0	0	40	0	46
154.0	0	31	0	29
155.0	0	39	0	42
156.0	0	36	0	40
157.0	0	41	0	36
158.0	0	29	0	24
159.0	0	42	0	35
160.0	0	26	0	25
161.0	0	18	0	25
162.0	0	25	0	28
163.0	0	32	0	28
164.0	0	27	0	26
165.0	0	32	0	48
166.0	0	36	0	22
167.0	0	29	0	26
168.0	0	25	0	23
169.0	0	25	0	24
170.0	0	19	0	32
171.0	0	29	0	29
172.0	0	27	0	19
173.0	0	25	0	25
174.0	0	22	0	26
175.0	0	30	0	35
176.0	0	27	0	20
177.0	0	25	0	29
178.0	0	20	0	34
179.0	0	36	0	24
180.0	0	28	0	23
181.0	0	18	0	22
182.0	0	29	0	28
183.0	0	30	0	25
184.0	0	23	0	23
185.0	0	19	0	26
186.0	0	23	0	17
187.0	0	22	0	23
188.0	0	22	0	23
189.0	0	22	0	20
190.0	0	30	0	22
191.0	0	18	0	22
192.0	0	19	0	12
193.0	0	17	0	23
194.0	0	22	0	22
195.0	0	19	0	26
196.0	0	22	0	21
197.0	0	37	0	31
198.0	0	17	0	24
199.0	0	23	0	24
200.0	0	19	0	15
201.0	0	21	0	13
202.0	0	13	0	22
203.0	0	17	0	17
204.0	0	21	0	25
205.0	0	17	0	13
206.0	0	20	0	19
207.0	0	18	0	18
208.0	0	19	0	21
209.0	0	20	0	17
210.0	0	20	0	19
211.0	0	15	0	12
212.0	0	15	0	14
213.0	0	12	0	15
214.0	0	18	0	20
215.0	0	19	0	19
216.0	0	18	0	17
217.0	0	19	0	20
218.0	0	11	0	14
219.0	0	21	0	17
220.0	0	14	0	15
221.0	0	27	0	23
222.0	0	14	0	11
223.0	0	16	0	19
224.0	0	14	0	14
225.0	0	13	0	8
226.0	0	10	0	12
227.0	0	12	0	22
228.0	0	19	0	14
229.0	0	14	0	21
230.0	0	22	0	19
231.0	0	21	0	11
232.0	0	13	0	17
233.0	0	15	0	13
234.0	0	12	0	14
235.0	0	13	0	13
236.0	0	18	0	15
237.0	0	12	0	13
238.0	0	16	0	17
239.0	0	12	0	9
240.0	0	9	0	13
241.0	0	14	0	13
242.0	0	16	0	17
243.0	0	15	0	22
244.0	0	20	0	10
245.0	0	8	0	11
246.0	0	12	0	11
247.0	0	14	0	18
248.0	0	16	0	14
249.0	0	13	0	13
250.0	0	17	0	12
251.0	0	10	0	10
252.0	0	9	0	7
253.0	0	12	0	16
254.0	0	12	0	9
255.0	0	6	0	8
256.0	0	9	0	11
257.0	0	10	0	5
258.0	0	10	0	13
259.0	0	11	0	10
260.0	0	11	0	9
261.0	0	8	0	15
262.0	0	9	0	7
263.0	0	13	0	13
264.0	0	12	0	16
265.0	0	11	0	11
266.0	0	11	0	11
267.0	0	13	0	7
268.0	0	9	0	5
269.0	0	7	0	11
270.0	0	7	0	9
271.0	0	9	0	9
272.0	0	13	0	11
273.0	0	9	0	8
274.0	0	9	0	10
275.0	0	8	0	5
276.0	0	10	0	16
277.0	0	15	0	10
278.0	0	7	0	10
279.0	0	7	0	9
280.0	0	16	0	16
281.0	0	11	0	10
282.0	0	8	0	6
283.0	0	7	0	6
284.0	0	13	0	8
285.0	0	3	0	4
286.0	0	7	0	8
287.0	0	9	0	9
288.0	0	6	0	7
289.0	0	5	0	10
290.0	0	10	0	5
291.0	0	2	0	5
292.0	0	8	0	8
293.0	0	8	0	7
294.0	0	6	0	7
295.0	0	8	0	6
296.0	0	11	0	7
297.0	0	4	0	8
298.0	0	6	0	7
299.0	0	5	0	4
300.0	0	6	0	4
301.0	0	7	0	9
302.0	0	9	0	10
303.0	0	6	0	5
304.0	0	9	0	9
305.0	0	6	0	7
306.0	0	4	0	3
307.0	0	12	0	11
308.0	0	5	0	9
309.0	0	9	0	7
310.0	0	4	0	6
311.0	0	9	0	4
312.0	0	7	0	8
313.0	0	8	0	10
314.0	0	5	0	5
315.0	0	9	0	7
316.0	0	9	0	15
317.0	0	10	0	8
318.0	0	7	0	6
319.0	0	5	0	6
320.0	0	9	0	7
321.0	0	8	0	5
322.0	0	2	0	5
323.0	0	10	0	9
324.0	0	7	0	4
325.0	0	6	0	11
326.0	0	7	0	7
327.0	0	7	0	5
328.0	0	8	0	7
329.0	0	8	0	9
330.0	0	4	0	3
331.0	0	4	0	3
332.0	0	7	0	3
333.0	0	4	0	6
334.0	0	4	0	2
335.0	0	3	0	5
336.0	0	2	0	4
337.0	0	8	0	8
338.0	0	6	0	3
339.0	0	3	0	4
340.0	0	4	0	7
341.0	0	2	0	4
342.0	0	8	0	5
343.0	0	5	0	7
344.0	0	2	0	4
345.0	0	6	0	6
346.0	0	6	0	5
347.0	0	5	0	3
348.0	0	8	0	4
349.0	0	3	0	10
350.0	0	4	0	4
351.0	0	7	0	4
352.0	0	6	0	5
353.0	0	1	0	1
354.0	0	4	0	4
355.0	0	7	0	8
356.0	0	4	0	6
357.0	0	9	0	2
358.0	0	2	0	6
359.0	0	2	0	6
360.0	0	6	0	4
361.0	0	5	0	2
362.0	0	6	0	3
363.0	0	1	0	2
364.0	0	0	0	7
365.0	0	3	0	4
366.0	0	8	0	3
367.0	0	6	0	5
368.0	0	2	0	1
369.0	0	1	0	2
370.0	0	3	0	4
371.0	0	2	0	1
372.0	0	4	0	6
373.0	0	5	0	1
374.0	0	0	0	3
375.0	0	7	0	5
376.0	0	4	0	2
377.0	0	4	0	4
378.0	0	2	0	1
379.0	0	3	0	10
380.0	0	7	0	3
381.0	0	3	0	5
382.0	0	5	0	5
383.0	0	3	0	5
384.0	0	3	0	4
385.0	0	6	0	5
386.0	0	5	0	5
387.0	0	7	0	5
388.0	0	3	0	2
389.0	0	3	0	1
390.0	0	2	0	2
391.0	0	3	0	3
392.0	0	1	0	3
393.0	0	3	0	3
394.0	0	4	0	2
395.0	0	3	0	3
396.0	0	2	0	4
397.0	0	3	0	2
398.0	0	3	0	0
399.0	0	2	0	1
401.0	0	0	0	2
402.0	0	2	0	2
403.0	0	2	0	3
404.0	0	3	0	8
405.0	0	4	0	2
406.0	0	4	0	4
407.0	0	3	0	1
408.0	0	1	0	3
409.0	0	6	0	5
410.0	0	4	0	4
411.0	0	6	0	4
412.0	0	3	0	4
413.0	0	4	0	4
414.0	0	5	0	5
415.0	0	4	0	1
416.0	0	0	0	3
417.0	0	3	0	4
418.0	0	3	0	6
419.0	0	6	0	3
420.0	0	3	0	1
421.0	0	3	0	1
422.0	0	1	0	8
423.0	0	5	0	2
424.0	0	4	0	5
425.0	0	2	0	2
426.0	0	3	0	3
427.0	0	3	0	5
428.0	0	2	0	1
429.0	0	7	0	5
430.0	0	3	0	5
431.0	0	7	0	2
432.0	0	1	0	4
433.0	0	3	0	3
434.0	0	4	0	4
435.0	0	3	0	4
436.0	0	2	0	3
437.0	0	3	0	1
438.0	0	0	0	1
439.0	0	4	0	1
440.0	0	4	0	3
441.0	0	2	0	4
442.0	0	0	0	1
443.0	0	3	0	0
444.0	0	1	0	6
445.0	0	3	0	4
446.0	0	6	0	2
447.0	0	2	0	1
448.0	0	2	0	1
449.0	0	1	0	3
450.0	0	1	0	0
451.0	0	1	0	2
452.0	0	2	0	0
453.0	0	1	0	4
454.0	0	2	0	5
455.0	0	3	0	2
456.0	0	2	0	3
457.0	0	6	0	1
458.0	0	2	0	2
459.0	0	2	0	2
460.0	0	1	0	0
461.0	0	1	0	2
462.0	0	2	0	0
463.0	0	0	0	2
464.0	0	1	0	3
465.0	0	3	0	1
466.0	0	1	0	3
467.0	0	1	0	2
468.0	0	3	0	2
469.0	0	2	0	3
470.0	0	2	0	1
471.0	0	3	0	3
472.0	0	1	0	2
473.0	0	4	0	1
474.0	0	2	0	1
475.0	0	2	0	2
476.0	0	2	0	3
477.0	0	2	0	0
478.0	0	1	0	1
479.0	0	0	0	2
480.0	0	2	0	2
481.0	0	3	0	5
482.0	0	2	0	1
483.0	0	4	0	1
484.0	0	0	0	2
485.0	0	5	0	2
486.0	0	1	0	5
487.0	0	1	0	0
488.0	0	1	0	2
489.0	0	2	0	1
490.0	0	1	0	1
491.0	0	2	0	2
492.0	0	2	0	3
493.0	0	1	0	2
494.0	0	5	0	4
495.0	0	2	0	1
496.0	0	2	0	1
497.0	0	1	0	2
498.0	0	2	0	5
499.0	0	3	0	4
500.0	0	3	0	3
501.0	0	2	0	3
502.0	0	3	0	1
503.0	0	2	0	2
504.0	0	2	0	1
505.0	0	4	0	5
506.0	0	4	0	0
507.0	0	0	0	3
508.0	0	2	0	0
509.0	0	2	0	3
510.0	0	3	0	1
511.0	0	1	0	0
512.0	0	1	0	1
513.0	0	1	0	1
514.0	0	2	0	0
515.0	0	0	0	1
517.0	0	0	0	1
518.0	0	1	0	1
519.0	0	3	0	4
520.0	0	3	0	2
522.0	0	2	0	0
523.0	0	0	0	1
524.0	0	0	0	2
525.0	0	1	0	3
526.0	0	1	0	2
527.0	0	3	0	1
528.0	0	2	0	2
529.0	0	2	0	2
530.0	0	1	0	6
531.0	0	2	0	3
532.0	0	6	0	1
533.0	0	1	0	2
534.0	0	3	0	2
535.0	0	3	0	1
536.0	0	1	0	2
537.0	0	1	0	2
538.0	0	0	0	1
539.0	0	1	0	2
540.0	0	4	0	1
541.0	0	1	0	4
542.0	0	1	0	1
543.0	0	2	0	3
544.0	0	3	0	1
545.0	0	1	0	0
546.0	0	1	0	0
547.0	0	2	0	2
548.0	0	2	0	3
549.0	0	1	0	0
550.0	0	2	0	0
551.0	0	1	0	1
552.0	0	0	0	2
553.0	0	2	0	4
554.0	0	2	0	2
555.0	0	1	0	1
556.0	0	1	0	2
557.0	0	1	0	0
558.0	0	2	0	0
559.0	0	3	0	3
561.0	0	3	0	6
562.0	0	2	0	1
563.0	0	2	0	1
564.0	0	2	0	1
565.0	0	3	0	3
566.0	0	1	0	0
567.0	0	1	0	0
568.0	0	2	0	3
569.0	0	2	0	1
570.0	0	1	0	2
571.0	0	1	0	1
572.0	0	1	0	0
573.0	0	2	0	5
574.0	0	3	0	1
575.0	0	1	0	0
576.0	0	0	0	1
577.0	0	2	0	0
578.0	0	0	0	3
579.0	0	1	0	2
580.0	0	2	0	2
581.0	0	4	0	4
582.0	0	4	0	5
583.0	0	2	0	2
584.0	0	3	0	0
585.0	0	1	0	2
586.0	0	2	0	1
587.0	0	0	0	1
588.0	0	1	0	0
589.0	0	1	0	0
590.0	0	0	0	1
591.0	0	4	0	1
592.0	0	0	0	1
595.0	0	1	0	1
596.0	0	0	0	1
598.0	0	1	0	4
599.0	0	1	0	0
600.0	0	2	0	0
602.0	0	1	0	0
603.0	0	1	0	1
604.0	0	1	0	1
605.0	0	0	0	1
606.0	0	0	0	1
607.0	0	1	0	2
608.0	0	1	0	1
609.0	0	1	0	1
610.0	0	3	0	0
611.0	0	1	0	0
612.0	0	0	0	1
613.0	0	1	0	2
614.0	0	1	0	2
615.0	0	1	0	0
616.0	0	1	0	1
618.0	0	2	0	1
619.0	0	1	0	2
622.0	0	1	0	1
623.0	0	2	0	0
624.0	0	1	0	2
625.0	0	1	0	1
626.0	0	0	0	1
629.0	0	2	0	3
630.0	0	1	0	2
631.0	0	2	0	2
632.0	0	2	0	4
633.0	0	2	0	3
634.0	0	1	0	0
635.0	0	2	0	2
636.0	0	2	0	0
637.0	0	3	0	1
638.0	0	1	0	0
639.0	0	0	0	1
642.0	0	1	0	0
644.0	0	1	0	2
645.0	0	1	0	1
646.0	0	1	0	3
647.0	0	1	0	0
648.0	0	1	0	1
649.0	0	2	0	1
650.0	0	1	0	0
651.0	0	0	0	1
652.0	0	1	0	1
654.0	0	0	0	1
655.0	0	1	0	1
656.0	0	1	0	0
657.0	0	0	0	3
658.0	0	1	0	0
659.0	0	2	0	0
661.0	0	2	0	2
662.0	0	1	0	1
664.0	0	2	0	1
666.0	0	1	0	2
667.0	0	0	0	2
668.0	0	0	0	1
669.0	0	2	0	1
670.0	0	0	0	1
671.0	0	0	0	1
673.0	0	5	0	0
674.0	0	0	0	1
675.0	0	1	0	1
676.0	0	1	0	1
678.0	0	1	0	0
679.0	0	2	0	1
680.0	0	0	0	1
681.0	0	1	0	1
682.0	0	0	0	1
683.0	0	1	0	2
684.0	0	0	0	1
685.0	0	0	0	1
686.0	0	2	0	0
687.0	0	2	0	2
688.0	0	1	0	1
689.0	0	1	0	1
690.0	0	1	0	2
691.0	0	0	0	1
693.0	0	1	0	0
694.0	0	2	0	1
695.0	0	1	0	2
696.0	0	1	0	0
698.0	0	1	0	0
699.0	0	2	0	1
700.0	0	0	0	2
701.0	0	3	0	1
702.0	0	0	0	1
703.0	0	0	0	1
704.0	0	1	0	0
705.0	0	1	0	0
707.0	0	1	0	2
708.0	0	1	0	0
709.0	0	1	0	0
710.0	0	0	0	1
712.0	0	1	0	1
713.0	0	1	0	0
718.0	0	1	0	2
719.0	0	0	0	1
721.0	0	0	0	1
723.0	0	1	0	0
724.0	0	1	0	1
725.0	0	2	0	1
728.0	0	1	0	3
731.0	0	1	0	1
734.0	0	3	0	1
736.0	0	1	0	0
737.0	0	0	0	1
739.0	0	1	0	3
740.0	0	1	0	0
741.0	0	0	0	1
742.0	0	1	0	1
744.0	0	1	0	0
745.0	0	1	0	0
746.0	0	1	0	3
747.0	0	1	0	0
748.0	0	3	0	1
749.0	0	1	0	4
750.0	0	2	0	0
751.0	0	1	0	1
753.0	0	1	0	1
754.0	0	1	0	1
757.0	0	1	0	0
758.0	0	0	0	1
759.0	0	0	0	1
760.0	0	1	0	0
761.0	0	1	0	0
763.0	0	0	0	2
766.0	0	1	0	0
769.0	0	1	0	0
770.0	0	0	0	1
772.0	0	0	0	1
773.0	0	1	0	1
774.0	0	1	0	0
775.0	0	0	0	3
777.0	0	1	0	0
778.0	0	1	0	3
780.0	0	1	0	1
782.0	0	3	0	1
783.0	0	2	0	2
784.0	0	1	0	0
785.0	0	1	0	1
786.0	0	0	0	1
789.0	0	1	0	0
790.0	0	1	0	0
793.0	0	0	0	1
794.0	0	1	0	0
797.0	0	1	0	1
799.0	0	1	0	1
800.0	0	1	0	0
802.0	0	0	0	2
803.0	0	0	0	2
804.0	0	1	0	0
805.0	0	1	0	2
806.0	0	1	0	0
807.0	0	1	0	2
808.0	0	2	0	0
809.0	0	2	0	1
810.0	0	0	0	2
811.0	0	1	0	1
812.0	0	1	0	1
813.0	0	2	0	0
815.0	0	1	0	0
817.0	0	0	0	1
820.0	0	1	0	0
831.0	0	0	0	1
834.0	0	1	0	1
836.0	0	1	0	0
838.0	0	0	0	1
843.0	0	1	0	2
844.0	0	0	0	3
845.0	0	1	0	0
846.0	0	0	0	1
849.0	0	1	0	1
851.0	0	3	0	0
852.0	0	2	0	0
854.0	0	0	0	1
855.0	0	0	0	1
856.0	0	0	0	1
857.0	0	1	0	2
858.0	0	1	0	1
859.0	0	1	0	0
860.0	0	1	0	1
862.0	0	1	0	0
863.0	0	1	0	0
868.0	0	1	0	0
872.0	0	0	0	1
875.0	0	0	0	1
876.0	0	1	0	0
880.0	0	1	0	1
882.0	0	0	0	1
883.0	0	1	0	0
884.0	0	1	0	2
885.0	0	1	0	1
887.0	0	1	0	3
888.0	0	1	0	0
890.0	0	1	0	0
892.0	0	1	0	0
894.0	0	1	0	0
897.0	0	0	0	2
899.0	0	1	0	0
900.0	0	0	0	1
901.0	0	1	0	0
904.0	0	1	0	0
908.0	0	0	0	1
909.0	0	0	0	1
910.0	0	0	0	1
911.0	0	1	0	0
913.0	0	1	0	1
914.0	0	1	0	2
915.0	0	0	0	1
916.0	0	2	0	0
917.0	0	1	0	0
918.0	0	1	0	1
922.0	0	0	0	1
924.0	0	1	0	0
925.0	0	1	0	1
928.0	0	1	0	0
931.0	0	0	0	1
933.0	0	0	0	1
935.0	0	1	0	1
936.0	0	1	0	0
937.0	0	1	0	0
938.0	0	0	0	1
940.0	0	1	0	0
941.0	0	0	0	1
942.0	0	0	0	1
943.0	0	0	0	2
944.0	0	1	0	0
946.0	0	2	0	2
947.0	0	1	0	1
950.0	0	1	0	0
951.0	0	1	0	0
953.0	0	1	0	0
959.0	0	0	0	1
960.0	0	1	0	0
967.0	0	0	0	1
969.0	0	1	0	0
970.0	0	0	0	1
971.0	0	1	0	1
974.0	0	1	0	1
978.0	0	1	0	0
993.0	0	0	0	1
994.0	0	0	0	2
995.0	0	0	0	1
998.0	0	3	0	0
1000.0	0	1	0	0
1005.0	0	0	0	1
1009.0	0	1	0	0
1012.0	0	0	0	1
1014.0	0	1	0	0
1015.0	0	0	0	1
1016.0	0	0	0	1
1017.0	0	0	0	1
1018.0	0	1	0	0
1020.0	0	0	0	1
1021.0	0	0	0	1
1022.0	0	2	0	2
1024.0	0	1	0	0
1026.0	0	1	0	2
1029.0	0	3	0	0
1030.0	0	1	0	0
1031.0	0	0	0	1
1034.0	0	1	0	1
1036.0	0	1	0	0
1037.0	0	0	0	1
1040.0	0	0	0	1
1043.0	0	1	0	0
1045.0	0	0	0	1
1046.0	0	1	0	1
1047.0	0	1	0	0
1049.0	0	0	0	1
1054.0	0	1	0	0
1055.0	0	1	0	0
1061.0	0	0	0	2
1062.0	0	0	0	2
1064.0	0	0	0	1
1065.0	0	1	0	0
1067.0	0	1	0	0
1069.0	0	0	0	1
1071.0	0	1	0	1
1073.0	0	2	0	0
1074.0	0	1	0	0
1075.0	0	1	0	1
1078.0	0	1	0	0
1080.0	0	0	0	1
1083.0	0	0	0	2
1084.0	0	1	0	0
1086.0	0	1	0	0
1087.0	0	1	0	1
1088.0	0	0	0	1
1089.0	0	0	0	1
1090.0	0	1	0	1
1091.0	0	1	0	1
1092.0	0	1	0	0
1095.0	0	2	0	0
1105.0	0	0	0	1
1108.0	0	1	0	0
1110.0	0	0	0	2
1112.0	0	0	0	1
1113.0	0	1	0	0
1117.0	0	0	0	1
1119.0	0	2	0	0
1124.0	0	1	0	0
1125.0	0	0	0	1
1130.0	0	1	0	0
1132.0	0	0	0	1
1134.0	0	1	0	0
1140.0	0	0	0	1
1142.0	0	0	0	2
1144.0	0	1	0	0
1145.0	0	0	0	1
1146.0	0	1	0	0
1148.0	0	0	0	1
1149.0	0	2	0	0
1154.0	0	1	0	0
1157.0	0	0	0	1
1161.0	0	1	0	0
1174.0	0	0	0	2
1176.0	0	0	0	1
1178.0	0	1	0	0
1179.0	0	0	0	1
1182.0	0	1	0	0
1183.0	0	1	0	0
1184.0	0	0	0	2
1186.0	0	1	0	0
1188.0	0	0	0	1
1189.0	0	1	0	1
1191.0	0	1	0	0
1192.0	0	1	0	0
1193.0	0	1	0	0
1198.0	0	0	0	1
1200.0	0	0	0	1
1204.0	0	1	0	0
1205.0	0	1	0	0
1207.0	0	0	0	1
1211.0	0	1	0	0
1229.0	0	0	0	1
1235.0	0	1	0	0
1239.0	0	0	0	1
1240.0	0	0	0	1
1243.0	0	1	0	0
1245.0	0	0	0	1
1247.0	0	1	0	0
1248.0	0	0	0	2
1250.0	0	1	0	0
1252.0	0	1	0	0
1257.0	0	1	0	0
1265.0	0	0	0	2
1270.0	0	1	0	0
1271.0	0	1	0	1
1277.0	0	1	0	0
1283.0	0	0	0	1
1293.0	0	0	0	1
1296.0	0	2	0	0
1322.0	0	0	0	1
1323.0	0	0	0	1
1327.0	0	0	0	1
1328.0	0	1	0	0
1330.0	0	1	0	0
1338.0	0	1	0	0
1341.0	0	0	0	1
1348.0	0	1	0	0
1352.0	0	0	0	1
1356.0	0	1	0	0
1363.0	0	0	0	1
1375.0	0	1	0	0
1380.0	0	0	0	1
1385.0	0	0	0	1
1390.0	0	1	0	0
1391.0	0	0	0	1
1394.0	0	1	0	0
1398.0	0	0	0	2
1403.0	0	1	0	0
1407.0	0	2	0	0
1419.0	0	0	0	1
1423.0	0	1	0	0
1425.0	0	0	0	2
1428.0	0	1	0	0
1437.0	0	1	0	0
1442.0	0	0	0	1
1448.0	0	0	0	1
1451.0	0	1	0	0
1452.0	0	1	0	0
1456.0	0	0	0	1
1459.0	0	1	0	0
1471.0	0	0	0	1
1482.0	0	1	0	0
1489.0	0	0	0	1
1499.0	0	0	0	1
1501.0	0	2	0	0
1513.0	0	0	0	1
1514.0	0	1	0	0
1528.0	0	0	0	1
1531.0	0	0	0	1
1535.0	0	2	0	0
1549.0	0	0	0	1
1559.0	0	0	0	1
1562.0	0	1	0	0
1568.0	0	1	0	0
1570.0	0	0	0	1
1571.0	0	0	0	1
1576.0	0	0	0	1
1578.0	0	1	0	0
1581.0	0	1	0	0
1582.0	0	0	0	1
1586.0	0	1	0	0
1589.0	0	1	0	0
1592.0	0	0	0	1
1596.0	0	1	0	0
1627.0	0	0	0	1
1634.0	0	1	0	0
1653.0	0	0	0	1
1663.0	0	1	0	0
1672.0	0	0	0	1
1685.0	0	1	0	0
1701.0	0	0	0	1
1711.0	0	1	0	0
1715.0	0	0	0	1
1722.0	0	1	0	0
1742.0	0	0	0	1
1752.0	0	1	0	0
1761.0	0	0	0	1
1766.0	0	0	0	1
1772.0	0	2	0	0
1773.0	0	0	0	1
1775.0	0	0	0	1
1780.0	0	1	0	0
1782.0	0	0	0	1
1789.0	0	1	0	0
1791.0	0	0	0	1
1794.0	0	1	0	1
1799.0	0	1	0	1
1802.0	0	1	0	0
1809.0	0	1	0	1
1814.0	0	0	0	1
1816.0	0	1	0	0
1823.0	0	0	0	2
1824.0	0	1	0	0
1828.0	0	1	0	0
1833.0	0	1	0	0
1849.0	0	0	0	1
1862.0	0	1	0	0
1876.0	0	0	0	1
1882.0	0	1	0	0
1892.0	0	0	0	1
1900.0	0	1	0	0
1904.0	0	0	0	1
1908.0	0	1	0	0
1982.0	0	0	0	1
1986.0	0	0	0	1
1993.0	0	2	0	0
2022.0	0	0	0	1
2025.0	0	0	0	1
2027.0	0	1	0	0
2028.0	0	1	0	0
2039.0	0	0	0	1
2045.0	0	1	0	0
2047.0	0	0	0	1
2054.0	0	1	0	0
2058.0	0	0	0	1
2065.0	0	1	0	0
2107.0	0	0	0	1
2117.0	0	1	0	0
2206.0	0	0	0	1
2213.0	0	1	0	0
2229.0	0	0	0	1
2238.0	0	0	0	1
2239.0	0	1	0	0
2250.0	0	1	0	0
2317.0	0	0	0	1
2333.0	0	1	0	0
2416.0	0	0	0	1
2439.0	0	1	0	0
2441.0	0	0	0	1
2447.0	0	1	0	0
2462.0	0	0	0	1
2469.0	0	1	0	0
2492.0	0	0	0	1
2504.0	0	1	0	0
2513.0	0	0	0	1
2524.0	0	1	0	0
2539.0	0	0	0	1
2551.0	0	1	0	0
2600.0	0	0	0	1
2608.0	0	1	0	0
2837.0	0	0	0	1
2850.0	0	1	0	0
2945.0	0	0	0	1
2959.0	0	0	0	1
2966.0	0	1	0	0
2985.0	0	1	0	0
3109.0	0	0	0	1
3127.0	0	1	0	0
3167.0	0	0	0	1
3188.0	0	1	0	0
3225.0	0	0	0	1
3241.0	0	1	0	0
3473.0	0	0	0	1
3492.0	0	1	0	0
3567.0	0	0	0	1
3585.0	0	1	0	0
3592.0	0	0	0	1
3614.0	0	1	0	0
3630.0	0	0	0	1
3650.0	0	1	0	0
3974.0	0	0	0	1
4002.0	0	1	0	0
4555.0	0	0	0	1
4596.0	0	1	0	0
4939.0	0	0	0	1
4980.0	0	1	0	0

