## htsjdk.samtools.metrics.StringHeader
# MarkDuplicates INPUT=[S39F.sorted.bam] OUTPUT=../output/11-RNAseq-snps/S39F.dedup.bam METRICS_FILE=../output/11-RNAseq-snps/S39F.dup_metrics.txt REMOVE_DUPLICATES=true    MAX_SEQUENCES_FOR_DISK_READ_ENDS_MAP=50000 MAX_FILE_HANDLES_FOR_READ_ENDS_MAP=8000 SORTING_COLLECTION_SIZE_RATIO=0.25 TAG_DUPLICATE_SET_MEMBERS=false REMOVE_SEQUENCING_DUPLICATES=false TAGGING_POLICY=DontTag CLEAR_DT=true DUPLEX_UMI=false ADD_PG_TAG_TO_READS=true ASSUME_SORTED=false DUPLICATE_SCORING_STRATEGY=SUM_OF_BASE_QUALITIES PROGRAM_RECORD_ID=MarkDuplicates PROGRAM_GROUP_NAME=MarkDuplicates READ_NAME_REGEX=<optimized capture of last three ':' separated fields as numeric values> OPTICAL_DUPLICATE_PIXEL_DISTANCE=100 MAX_OPTICAL_DUPLICATE_SET_SIZE=300000 VERBOSITY=INFO QUIET=false VALIDATION_STRINGENCY=STRICT COMPRESSION_LEVEL=2 MAX_RECORDS_IN_RAM=500000 CREATE_INDEX=false CREATE_MD5_FILE=false GA4GH_CLIENT_SECRETS=client_secrets.json USE_JDK_DEFLATER=false USE_JDK_INFLATER=false
## htsjdk.samtools.metrics.StringHeader
# Started on: Wed Mar 09 12:04:11 PST 2022

## METRICS CLASS	picard.sam.DuplicationMetrics
LIBRARY	UNPAIRED_READS_EXAMINED	READ_PAIRS_EXAMINED	SECONDARY_OR_SUPPLEMENTARY_RDS	UNMAPPED_READS	UNPAIRED_READ_DUPLICATES	READ_PAIR_DUPLICATES	READ_PAIR_OPTICAL_DUPLICATES	PERCENT_DUPLICATION	ESTIMATED_LIBRARY_SIZE
Unknown Library	2090190	18802555	10346013	8408720	1183240	5809770	82186	0.322526	23969385

## HISTOGRAM	java.lang.Double
BIN	CoverageMult	all_sets	optical_sets	non_optical_sets
1.0	1.002892	11244631	0	11292527
2.0	1.460586	1245355	73924	1207870
3.0	1.669467	238114	1920	230726
4.0	1.764795	83809	490	82199
5.0	1.8083	41944	210	41456
6.0	1.828155	25276	87	25063
7.0	1.837216	17109	67	16942
8.0	1.841351	12417	30	12307
9.0	1.843238	9235	15	9183
10.0	1.8441	7281	19	7252
11.0	1.844493	6006	10	5968
12.0	1.844672	4952	4	4935
13.0	1.844754	4079	6	4026
14.0	1.844791	3512	13	3515
15.0	1.844808	3109	6	3110
16.0	1.844816	2765	1	2696
17.0	1.84482	2452	2	2491
18.0	1.844821	2153	2	2145
19.0	1.844822	1957	1	1936
20.0	1.844822	1766	0	1751
21.0	1.844823	1582	1	1562
22.0	1.844823	1434	4	1420
23.0	1.844823	1337	1	1354
24.0	1.844823	1221	0	1205
25.0	1.844823	1168	0	1173
26.0	1.844823	1050	1	1015
27.0	1.844823	961	1	992
28.0	1.844823	976	0	957
29.0	1.844823	851	0	834
30.0	1.844823	780	1	790
31.0	1.844823	716	0	728
32.0	1.844823	740	0	716
33.0	1.844823	667	0	647
34.0	1.844823	618	0	644
35.0	1.844823	635	0	646
36.0	1.844823	583	0	540
37.0	1.844823	557	0	562
38.0	1.844823	489	0	494
39.0	1.844823	522	0	515
40.0	1.844823	453	0	443
41.0	1.844823	432	0	465
42.0	1.844823	444	0	436
43.0	1.844823	413	0	400
44.0	1.844823	393	0	382
45.0	1.844823	385	0	393
46.0	1.844823	389	0	393
47.0	1.844823	348	0	327
48.0	1.844823	304	0	311
49.0	1.844823	321	0	313
50.0	1.844823	284	0	296
51.0	1.844823	282	0	288
52.0	1.844823	291	0	293
53.0	1.844823	284	0	286
54.0	1.844823	289	0	275
55.0	1.844823	249	0	239
56.0	1.844823	238	0	243
57.0	1.844823	242	0	232
58.0	1.844823	234	0	240
59.0	1.844823	227	0	230
60.0	1.844823	185	0	164
61.0	1.844823	219	0	230
62.0	1.844823	191	0	188
63.0	1.844823	178	0	175
64.0	1.844823	182	0	184
65.0	1.844823	180	0	184
66.0	1.844823	203	0	195
67.0	1.844823	150	0	159
68.0	1.844823	154	0	164
69.0	1.844823	185	0	168
70.0	1.844823	150	0	157
71.0	1.844823	144	0	148
72.0	1.844823	159	0	133
73.0	1.844823	124	0	131
74.0	1.844823	132	0	145
75.0	1.844823	152	0	135
76.0	1.844823	129	0	135
77.0	1.844823	122	0	117
78.0	1.844823	134	0	136
79.0	1.844823	120	0	132
80.0	1.844823	117	0	105
81.0	1.844823	105	0	117
82.0	1.844823	124	0	125
83.0	1.844823	106	0	94
84.0	1.844823	107	0	108
85.0	1.844823	92	0	88
86.0	1.844823	87	0	94
87.0	1.844823	101	0	103
88.0	1.844823	107	0	101
89.0	1.844823	88	0	82
90.0	1.844823	104	0	105
91.0	1.844823	97	0	92
92.0	1.844823	92	0	108
93.0	1.844823	99	0	86
94.0	1.844823	75	0	77
95.0	1.844823	86	0	92
96.0	1.844823	85	0	72
97.0	1.844823	71	0	88
98.0	1.844823	96	0	96
99.0	1.844823	77	0	74
100.0	1.844823	82	0	65
101.0	0	72	0	80
102.0	0	63	0	62
103.0	0	73	0	63
104.0	0	69	0	71
105.0	0	62	0	70
106.0	0	66	0	65
107.0	0	67	0	66
108.0	0	67	0	74
109.0	0	69	0	71
110.0	0	66	0	64
111.0	0	68	0	65
112.0	0	49	0	40
113.0	0	60	0	57
114.0	0	54	0	57
115.0	0	46	0	58
116.0	0	59	0	64
117.0	0	72	0	76
118.0	0	67	0	56
119.0	0	51	0	50
120.0	0	60	0	64
121.0	0	56	0	58
122.0	0	69	0	59
123.0	0	58	0	55
124.0	0	47	0	49
125.0	0	53	0	48
126.0	0	55	0	53
127.0	0	45	0	49
128.0	0	40	0	46
129.0	0	49	0	42
130.0	0	45	0	50
131.0	0	41	0	46
132.0	0	51	0	42
133.0	0	46	0	45
134.0	0	49	0	47
135.0	0	31	0	34
136.0	0	44	0	48
137.0	0	48	0	50
138.0	0	44	0	44
139.0	0	39	0	33
140.0	0	50	0	46
141.0	0	35	0	35
142.0	0	38	0	45
143.0	0	48	0	44
144.0	0	29	0	32
145.0	0	36	0	42
146.0	0	41	0	33
147.0	0	41	0	38
148.0	0	38	0	33
149.0	0	28	0	36
150.0	0	35	0	33
151.0	0	33	0	29
152.0	0	29	0	30
153.0	0	32	0	33
154.0	0	22	0	27
155.0	0	34	0	32
156.0	0	36	0	35
157.0	0	33	0	35
158.0	0	35	0	33
159.0	0	32	0	34
160.0	0	32	0	27
161.0	0	40	0	37
162.0	0	34	0	35
163.0	0	24	0	29
164.0	0	30	0	24
165.0	0	25	0	23
166.0	0	18	0	24
167.0	0	28	0	27
168.0	0	29	0	36
169.0	0	31	0	24
170.0	0	27	0	20
171.0	0	26	0	26
172.0	0	23	0	23
173.0	0	24	0	33
174.0	0	25	0	29
175.0	0	24	0	34
176.0	0	27	0	25
177.0	0	39	0	19
178.0	0	16	0	19
179.0	0	27	0	34
180.0	0	26	0	24
181.0	0	24	0	20
182.0	0	22	0	23
183.0	0	23	0	21
184.0	0	29	0	32
185.0	0	19	0	13
186.0	0	22	0	22
187.0	0	26	0	27
188.0	0	26	0	26
189.0	0	19	0	15
190.0	0	12	0	14
191.0	0	21	0	21
192.0	0	16	0	13
193.0	0	11	0	18
194.0	0	27	0	23
195.0	0	20	0	27
196.0	0	18	0	15
197.0	0	19	0	19
198.0	0	19	0	20
199.0	0	23	0	27
200.0	0	28	0	26
201.0	0	22	0	23
202.0	0	22	0	11
203.0	0	13	0	20
204.0	0	17	0	13
205.0	0	18	0	19
206.0	0	15	0	21
207.0	0	17	0	15
208.0	0	19	0	16
209.0	0	15	0	12
210.0	0	20	0	24
211.0	0	18	0	20
212.0	0	19	0	15
213.0	0	17	0	15
214.0	0	14	0	18
215.0	0	16	0	10
216.0	0	16	0	19
217.0	0	15	0	10
218.0	0	9	0	14
219.0	0	18	0	18
220.0	0	15	0	10
221.0	0	8	0	12
222.0	0	14	0	17
223.0	0	11	0	12
224.0	0	11	0	16
225.0	0	18	0	13
226.0	0	17	0	20
227.0	0	15	0	11
228.0	0	15	0	18
229.0	0	17	0	13
230.0	0	16	0	21
231.0	0	13	0	14
232.0	0	18	0	16
233.0	0	13	0	10
234.0	0	17	0	24
235.0	0	15	0	9
236.0	0	18	0	16
237.0	0	16	0	21
238.0	0	22	0	15
239.0	0	11	0	11
240.0	0	9	0	11
241.0	0	14	0	16
242.0	0	10	0	10
243.0	0	11	0	13
244.0	0	23	0	12
245.0	0	7	0	9
246.0	0	9	0	9
247.0	0	11	0	8
248.0	0	11	0	16
249.0	0	13	0	12
250.0	0	13	0	13
251.0	0	11	0	11
252.0	0	9	0	8
253.0	0	12	0	14
254.0	0	6	0	7
255.0	0	14	0	10
256.0	0	6	0	6
257.0	0	8	0	8
258.0	0	7	0	8
259.0	0	8	0	7
260.0	0	10	0	6
261.0	0	6	0	10
262.0	0	9	0	9
263.0	0	10	0	9
264.0	0	7	0	13
265.0	0	10	0	7
266.0	0	11	0	6
267.0	0	4	0	2
268.0	0	2	0	4
269.0	0	5	0	13
270.0	0	13	0	9
271.0	0	6	0	9
272.0	0	8	0	5
273.0	0	6	0	9
274.0	0	10	0	7
275.0	0	8	0	10
276.0	0	11	0	11
277.0	0	12	0	8
278.0	0	9	0	7
279.0	0	5	0	13
280.0	0	10	0	9
281.0	0	12	0	7
282.0	0	3	0	4
283.0	0	7	0	8
284.0	0	10	0	13
285.0	0	9	0	7
286.0	0	8	0	8
287.0	0	9	0	6
288.0	0	5	0	5
289.0	0	8	0	6
290.0	0	10	0	10
291.0	0	5	0	4
292.0	0	4	0	3
293.0	0	5	0	4
294.0	0	3	0	5
295.0	0	6	0	11
296.0	0	7	0	11
297.0	0	14	0	13
298.0	0	10	0	8
299.0	0	11	0	5
300.0	0	6	0	3
301.0	0	2	0	4
302.0	0	2	0	7
303.0	0	6	0	6
304.0	0	11	0	5
305.0	0	4	0	9
306.0	0	6	0	4
307.0	0	7	0	9
308.0	0	6	0	4
309.0	0	6	0	6
310.0	0	5	0	7
311.0	0	6	0	7
312.0	0	9	0	9
313.0	0	9	0	3
314.0	0	5	0	4
315.0	0	2	0	4
316.0	0	2	0	7
317.0	0	7	0	11
318.0	0	11	0	10
319.0	0	7	0	3
320.0	0	9	0	6
321.0	0	3	0	7
322.0	0	5	0	7
323.0	0	6	0	3
324.0	0	4	0	3
325.0	0	8	0	10
326.0	0	8	0	5
327.0	0	5	0	2
328.0	0	4	0	4
329.0	0	5	0	3
330.0	0	3	0	4
331.0	0	0	0	5
332.0	0	3	0	2
333.0	0	6	0	9
334.0	0	8	0	10
335.0	0	8	0	4
336.0	0	4	0	4
337.0	0	8	0	7
338.0	0	5	0	3
339.0	0	4	0	9
340.0	0	6	0	7
341.0	0	8	0	3
342.0	0	2	0	5
343.0	0	6	0	7
344.0	0	7	0	4
345.0	0	5	0	2
346.0	0	3	0	7
347.0	0	2	0	2
348.0	0	2	0	4
349.0	0	6	0	5
350.0	0	4	0	3
351.0	0	6	0	3
352.0	0	7	0	3
353.0	0	1	0	7
354.0	0	1	0	3
355.0	0	6	0	1
356.0	0	4	0	6
357.0	0	2	0	3
358.0	0	4	0	6
359.0	0	6	0	5
360.0	0	5	0	3
361.0	0	4	0	8
362.0	0	3	0	5
363.0	0	6	0	3
364.0	0	7	0	6
365.0	0	5	0	1
366.0	0	4	0	4
367.0	0	1	0	4
368.0	0	6	0	5
369.0	0	5	0	6
370.0	0	4	0	3
371.0	0	3	0	1
372.0	0	4	0	4
373.0	0	3	0	2
374.0	0	2	0	1
375.0	0	1	0	1
376.0	0	2	0	4
377.0	0	2	0	4
378.0	0	0	0	4
379.0	0	6	0	7
380.0	0	5	0	4
381.0	0	4	0	4
382.0	0	7	0	6
383.0	0	4	0	3
384.0	0	5	0	1
385.0	0	6	0	4
386.0	0	2	0	6
387.0	0	0	0	5
388.0	0	4	0	4
389.0	0	5	0	1
390.0	0	4	0	2
391.0	0	4	0	5
392.0	0	6	0	8
393.0	0	4	0	3
394.0	0	4	0	6
395.0	0	4	0	0
396.0	0	3	0	5
397.0	0	5	0	5
398.0	0	3	0	1
399.0	0	0	0	8
400.0	0	5	0	3
401.0	0	6	0	1
402.0	0	5	0	5
403.0	0	2	0	4
404.0	0	6	0	2
405.0	0	5	0	2
406.0	0	0	0	5
407.0	0	4	0	7
408.0	0	5	0	5
409.0	0	7	0	0
410.0	0	3	0	1
411.0	0	1	0	0
412.0	0	0	0	2
413.0	0	0	0	2
414.0	0	2	0	5
415.0	0	4	0	3
416.0	0	4	0	5
417.0	0	4	0	3
418.0	0	2	0	1
419.0	0	5	0	1
420.0	0	1	0	4
421.0	0	0	0	1
422.0	0	3	0	3
423.0	0	1	0	3
424.0	0	5	0	3
425.0	0	4	0	2
426.0	0	1	0	2
427.0	0	1	0	0
428.0	0	2	0	3
429.0	0	2	0	2
430.0	0	1	0	4
431.0	0	1	0	1
432.0	0	3	0	1
433.0	0	4	0	3
434.0	0	1	0	2
435.0	0	2	0	0
436.0	0	3	0	6
437.0	0	1	0	3
438.0	0	4	0	1
439.0	0	2	0	3
440.0	0	4	0	3
441.0	0	2	0	4
442.0	0	4	0	3
443.0	0	1	0	6
444.0	0	6	0	2
445.0	0	5	0	4
446.0	0	1	0	1
447.0	0	3	0	1
448.0	0	2	0	2
449.0	0	2	0	5
450.0	0	0	0	2
451.0	0	3	0	4
452.0	0	3	0	1
453.0	0	3	0	2
454.0	0	3	0	2
455.0	0	3	0	3
456.0	0	3	0	3
457.0	0	3	0	3
458.0	0	2	0	0
459.0	0	4	0	4
460.0	0	3	0	1
461.0	0	1	0	3
462.0	0	2	0	8
463.0	0	1	0	2
464.0	0	5	0	5
465.0	0	5	0	4
466.0	0	3	0	1
467.0	0	2	0	1
468.0	0	5	0	2
469.0	0	1	0	3
470.0	0	4	0	2
471.0	0	2	0	6
472.0	0	2	0	2
473.0	0	4	0	1
474.0	0	2	0	2
475.0	0	2	0	4
476.0	0	1	0	3
477.0	0	3	0	3
478.0	0	1	0	2
479.0	0	4	0	4
480.0	0	5	0	0
481.0	0	3	0	2
482.0	0	2	0	1
483.0	0	2	0	0
485.0	0	0	0	1
486.0	0	1	0	2
487.0	0	1	0	1
488.0	0	3	0	0
489.0	0	0	0	1
490.0	0	0	0	2
491.0	0	0	0	1
492.0	0	0	0	3
493.0	0	5	0	3
494.0	0	3	0	1
495.0	0	1	0	2
496.0	0	1	0	2
497.0	0	3	0	3
498.0	0	2	0	5
499.0	0	2	0	0
500.0	0	3	0	1
501.0	0	3	0	1
502.0	0	1	0	1
503.0	0	2	0	5
504.0	0	2	0	3
505.0	0	1	0	4
506.0	0	3	0	2
507.0	0	5	0	2
508.0	0	3	0	2
509.0	0	1	0	1
510.0	0	2	0	1
511.0	0	1	0	2
512.0	0	2	0	3
513.0	0	1	0	1
514.0	0	0	0	3
515.0	0	1	0	0
516.0	0	5	0	2
517.0	0	2	0	1
518.0	0	2	0	2
519.0	0	0	0	3
520.0	0	1	0	2
521.0	0	3	0	1
522.0	0	2	0	2
523.0	0	1	0	0
524.0	0	2	0	1
525.0	0	1	0	2
526.0	0	3	0	3
527.0	0	1	0	2
528.0	0	5	0	3
529.0	0	0	0	2
530.0	0	1	0	0
531.0	0	1	0	3
532.0	0	2	0	1
533.0	0	2	0	3
534.0	0	1	0	3
535.0	0	4	0	1
536.0	0	2	0	4
537.0	0	2	0	4
538.0	0	4	0	2
539.0	0	2	0	4
540.0	0	2	0	2
541.0	0	4	0	0
542.0	0	3	0	1
543.0	0	2	0	2
544.0	0	0	0	5
545.0	0	4	0	1
546.0	0	1	0	1
547.0	0	1	0	5
548.0	0	3	0	4
549.0	0	4	0	2
550.0	0	3	0	0
551.0	0	1	0	1
552.0	0	3	0	1
553.0	0	1	0	0
554.0	0	2	0	1
555.0	0	2	0	1
556.0	0	0	0	3
557.0	0	0	0	2
558.0	0	2	0	0
559.0	0	1	0	1
560.0	0	2	0	1
561.0	0	1	0	0
562.0	0	0	0	2
563.0	0	0	0	1
564.0	0	2	0	1
565.0	0	1	0	0
566.0	0	1	0	1
567.0	0	0	0	2
568.0	0	2	0	1
569.0	0	3	0	1
570.0	0	0	0	1
571.0	0	1	0	1
572.0	0	1	0	3
573.0	0	1	0	2
574.0	0	0	0	1
575.0	0	1	0	1
576.0	0	2	0	0
577.0	0	1	0	1
578.0	0	4	0	3
579.0	0	2	0	1
580.0	0	1	0	2
581.0	0	1	0	2
582.0	0	0	0	1
583.0	0	1	0	0
584.0	0	1	0	0
585.0	0	1	0	1
586.0	0	0	0	1
587.0	0	2	0	0
588.0	0	2	0	0
589.0	0	0	0	1
591.0	0	1	0	1
592.0	0	0	0	2
593.0	0	3	0	2
594.0	0	0	0	2
595.0	0	1	0	1
596.0	0	1	0	1
597.0	0	2	0	1
598.0	0	1	0	1
599.0	0	1	0	2
600.0	0	2	0	1
601.0	0	1	0	1
603.0	0	1	0	1
604.0	0	1	0	0
605.0	0	1	0	2
606.0	0	1	0	3
607.0	0	3	0	2
608.0	0	0	0	2
609.0	0	3	0	0
610.0	0	0	0	1
611.0	0	3	0	4
612.0	0	2	0	0
613.0	0	1	0	0
614.0	0	1	0	1
615.0	0	2	0	0
617.0	0	0	0	1
618.0	0	1	0	2
620.0	0	1	0	0
621.0	0	0	0	2
622.0	0	0	0	2
623.0	0	1	0	2
624.0	0	2	0	0
625.0	0	2	0	1
626.0	0	1	0	1
627.0	0	0	0	2
628.0	0	3	0	1
629.0	0	1	0	0
630.0	0	0	0	1
633.0	0	2	0	0
634.0	0	1	0	0
637.0	0	0	0	1
638.0	0	0	0	1
639.0	0	0	0	1
640.0	0	1	0	1
641.0	0	0	0	2
642.0	0	2	0	1
643.0	0	1	0	0
644.0	0	2	0	0
645.0	0	0	0	1
646.0	0	0	0	2
647.0	0	3	0	1
649.0	0	1	0	0
651.0	0	0	0	2
652.0	0	0	0	1
653.0	0	2	0	0
654.0	0	1	0	1
655.0	0	1	0	1
656.0	0	0	0	2
658.0	0	1	0	1
659.0	0	1	0	1
660.0	0	1	0	1
661.0	0	3	0	2
662.0	0	1	0	1
663.0	0	2	0	1
664.0	0	0	0	1
666.0	0	1	0	0
667.0	0	1	0	2
668.0	0	1	0	1
669.0	0	1	0	0
672.0	0	1	0	0
673.0	0	1	0	0
674.0	0	0	0	1
675.0	0	1	0	3
676.0	0	1	0	0
677.0	0	1	0	1
678.0	0	1	0	0
681.0	0	0	0	1
682.0	0	1	0	3
684.0	0	1	0	3
685.0	0	1	0	0
686.0	0	1	0	0
688.0	0	4	0	0
690.0	0	0	0	3
691.0	0	0	0	2
695.0	0	3	0	1
696.0	0	1	0	0
697.0	0	0	0	2
698.0	0	2	0	0
701.0	0	1	0	2
702.0	0	2	0	0
705.0	0	1	0	1
706.0	0	0	0	1
707.0	0	0	0	1
708.0	0	2	0	2
709.0	0	1	0	0
710.0	0	1	0	0
712.0	0	0	0	2
713.0	0	0	0	1
714.0	0	2	0	1
715.0	0	1	0	0
716.0	0	1	0	1
717.0	0	1	0	3
718.0	0	1	0	0
719.0	0	1	0	0
722.0	0	1	0	0
725.0	0	1	0	0
727.0	0	0	0	1
729.0	0	0	0	1
730.0	0	1	0	0
732.0	0	1	0	1
734.0	0	0	0	1
736.0	0	2	0	1
737.0	0	0	0	2
738.0	0	0	0	1
740.0	0	1	0	2
741.0	0	1	0	0
742.0	0	1	0	0
743.0	0	2	0	0
744.0	0	0	0	1
745.0	0	1	0	2
747.0	0	1	0	3
748.0	0	0	0	1
749.0	0	2	0	0
750.0	0	3	0	1
751.0	0	1	0	1
752.0	0	1	0	0
753.0	0	1	0	1
754.0	0	0	0	1
757.0	0	1	0	1
759.0	0	1	0	0
760.0	0	1	0	0
761.0	0	0	0	1
763.0	0	0	0	1
764.0	0	1	0	1
765.0	0	2	0	0
766.0	0	0	0	1
767.0	0	1	0	0
768.0	0	0	0	1
769.0	0	0	0	1
770.0	0	0	0	1
771.0	0	0	0	2
772.0	0	1	0	1
773.0	0	1	0	1
774.0	0	2	0	1
775.0	0	2	0	0
778.0	0	0	0	1
779.0	0	1	0	1
780.0	0	1	0	1
781.0	0	0	0	2
782.0	0	1	0	0
783.0	0	0	0	2
785.0	0	1	0	0
786.0	0	2	0	0
787.0	0	1	0	0
788.0	0	1	0	0
789.0	0	1	0	1
790.0	0	0	0	1
791.0	0	0	0	1
792.0	0	1	0	0
793.0	0	1	0	2
795.0	0	1	0	1
796.0	0	0	0	1
798.0	0	2	0	1
799.0	0	3	0	1
805.0	0	1	0	2
806.0	0	0	0	1
807.0	0	0	0	2
808.0	0	2	0	0
809.0	0	1	0	0
810.0	0	0	0	1
812.0	0	1	0	1
813.0	0	2	0	0
814.0	0	0	0	1
818.0	0	1	0	0
821.0	0	1	0	1
823.0	0	0	0	1
825.0	0	1	0	1
828.0	0	1	0	1
830.0	0	1	0	0
832.0	0	1	0	0
834.0	0	0	0	3
836.0	0	1	0	0
837.0	0	2	0	0
839.0	0	0	0	1
840.0	0	0	0	1
842.0	0	1	0	1
843.0	0	1	0	0
845.0	0	1	0	0
846.0	0	0	0	1
850.0	0	0	0	1
851.0	0	1	0	1
852.0	0	0	0	1
853.0	0	1	0	2
854.0	0	1	0	1
855.0	0	1	0	0
857.0	0	3	0	0
858.0	0	0	0	1
859.0	0	0	0	2
862.0	0	1	0	0
863.0	0	1	0	1
864.0	0	0	0	1
867.0	0	1	0	0
869.0	0	0	0	1
870.0	0	1	0	0
871.0	0	0	0	1
872.0	0	0	0	1
873.0	0	1	0	0
874.0	0	0	0	1
875.0	0	1	0	0
876.0	0	1	0	0
877.0	0	0	0	1
878.0	0	1	0	1
879.0	0	1	0	0
881.0	0	1	0	2
886.0	0	1	0	0
887.0	0	2	0	0
900.0	0	0	0	1
901.0	0	0	0	1
905.0	0	1	0	0
907.0	0	0	0	1
909.0	0	1	0	1
911.0	0	1	0	0
913.0	0	0	0	1
914.0	0	1	0	0
918.0	0	0	0	2
919.0	0	0	0	1
921.0	0	2	0	0
924.0	0	1	0	0
925.0	0	1	0	1
927.0	0	0	0	1
929.0	0	0	0	1
931.0	0	2	0	1
932.0	0	1	0	0
934.0	0	1	0	1
936.0	0	1	0	0
938.0	0	0	0	1
939.0	0	0	0	1
940.0	0	1	0	0
943.0	0	0	0	1
945.0	0	1	0	1
947.0	0	0	0	1
948.0	0	1	0	1
949.0	0	1	0	0
950.0	0	1	0	0
953.0	0	0	0	2
954.0	0	1	0	2
956.0	0	1	0	0
958.0	0	1	0	1
959.0	0	1	0	1
960.0	0	1	0	0
963.0	0	1	0	0
964.0	0	0	0	1
968.0	0	1	0	0
972.0	0	1	0	0
973.0	0	0	0	1
974.0	0	0	0	1
975.0	0	1	0	0
978.0	0	1	0	0
979.0	0	0	0	1
984.0	0	1	0	0
995.0	0	0	0	1
997.0	0	1	0	0
1002.0	0	0	0	1
1006.0	0	1	0	0
1007.0	0	0	0	1
1012.0	0	0	0	1
1013.0	0	0	0	1
1015.0	0	0	0	1
1016.0	0	2	0	1
1017.0	0	1	0	0
1018.0	0	0	0	1
1020.0	0	1	0	0
1021.0	0	1	0	0
1022.0	0	1	0	1
1027.0	0	0	0	1
1028.0	0	1	0	0
1029.0	0	0	0	1
1030.0	0	0	0	1
1031.0	0	1	0	0
1033.0	0	2	0	0
1044.0	0	0	0	2
1048.0	0	1	0	0
1049.0	0	0	0	1
1051.0	0	1	0	0
1054.0	0	1	0	0
1056.0	0	0	0	1
1065.0	0	0	0	1
1067.0	0	1	0	0
1068.0	0	1	0	0
1077.0	0	0	0	1
1080.0	0	1	0	0
1081.0	0	0	0	1
1088.0	0	1	0	1
1089.0	0	0	0	1
1091.0	0	1	0	0
1094.0	0	1	0	1
1097.0	0	0	0	1
1098.0	0	1	0	0
1101.0	0	1	0	0
1104.0	0	0	0	1
1108.0	0	1	0	0
1112.0	0	0	0	1
1113.0	0	0	0	1
1115.0	0	1	0	0
1116.0	0	0	0	1
1117.0	0	0	0	1
1121.0	0	2	0	0
1126.0	0	1	0	0
1134.0	0	0	0	1
1139.0	0	0	0	1
1141.0	0	1	0	1
1142.0	0	0	0	1
1144.0	0	1	0	0
1145.0	0	0	0	1
1146.0	0	1	0	0
1147.0	0	1	0	1
1151.0	0	0	0	1
1152.0	0	1	0	0
1153.0	0	1	0	0
1154.0	0	1	0	0
1171.0	0	0	0	2
1174.0	0	1	0	1
1176.0	0	1	0	0
1179.0	0	1	0	0
1186.0	0	0	0	1
1193.0	0	0	0	1
1194.0	0	1	0	0
1196.0	0	0	0	1
1198.0	0	1	0	0
1199.0	0	1	0	0
1205.0	0	0	0	1
1207.0	0	0	0	1
1210.0	0	1	0	0
1212.0	0	1	0	0
1219.0	0	0	0	1
1225.0	0	1	0	0
1228.0	0	0	0	1
1230.0	0	1	0	0
1235.0	0	0	0	1
1238.0	0	1	0	0
1241.0	0	0	0	1
1243.0	0	1	0	1
1244.0	0	0	0	1
1245.0	0	1	0	0
1250.0	0	1	0	0
1251.0	0	0	0	1
1254.0	0	0	0	1
1257.0	0	1	0	0
1258.0	0	0	0	1
1259.0	0	1	0	0
1263.0	0	1	0	0
1269.0	0	0	0	1
1273.0	0	1	0	0
1274.0	0	0	0	1
1278.0	0	1	0	0
1291.0	0	0	0	1
1298.0	0	1	0	0
1299.0	0	0	0	2
1301.0	0	0	0	1
1306.0	0	3	0	0
1307.0	0	0	0	1
1310.0	0	0	0	1
1313.0	0	1	0	0
1319.0	0	1	0	0
1323.0	0	0	0	1
1324.0	0	0	0	1
1326.0	0	1	0	0
1328.0	0	1	0	0
1330.0	0	0	0	1
1339.0	0	1	0	0
1341.0	0	0	0	1
1344.0	0	0	0	1
1350.0	0	1	0	0
1352.0	0	1	0	0
1365.0	0	0	0	1
1366.0	0	0	0	1
1367.0	0	0	0	1
1369.0	0	1	0	0
1374.0	0	1	0	0
1378.0	0	1	0	0
1385.0	0	0	0	1
1386.0	0	0	0	1
1389.0	0	0	0	1
1392.0	0	3	0	0
1397.0	0	0	0	1
1400.0	0	0	0	1
1405.0	0	1	0	0
1408.0	0	0	0	1
1409.0	0	1	0	0
1415.0	0	1	0	0
1421.0	0	0	0	1
1431.0	0	1	0	0
1440.0	0	0	0	1
1447.0	0	1	0	0
1449.0	0	0	0	1
1454.0	0	1	0	0
1464.0	0	0	0	1
1467.0	0	0	0	1
1470.0	0	2	0	0
1476.0	0	0	0	1
1481.0	0	1	0	0
1488.0	0	0	0	1
1493.0	0	1	0	0
1500.0	0	0	0	1
1505.0	0	0	0	1
1507.0	0	0	0	1
1511.0	0	1	0	0
1515.0	0	1	0	0
1517.0	0	1	0	0
1521.0	0	0	0	1
1529.0	0	1	0	0
1536.0	0	0	0	1
1541.0	0	1	0	0
1548.0	0	0	0	1
1551.0	0	0	0	1
1556.0	0	1	0	0
1560.0	0	1	0	2
1565.0	0	0	0	1
1567.0	0	0	0	1
1570.0	0	1	0	0
1571.0	0	1	0	0
1572.0	0	1	0	0
1574.0	0	1	0	0
1584.0	0	0	0	1
1597.0	0	1	0	0
1600.0	0	0	0	1
1610.0	0	0	0	1
1613.0	0	1	0	0
1616.0	0	1	0	0
1639.0	0	0	0	1
1645.0	0	1	0	0
1660.0	0	0	0	1
1668.0	0	1	0	0
1686.0	0	0	0	1
1687.0	0	0	0	1
1695.0	0	2	0	0
1716.0	0	0	0	1
1725.0	0	1	0	0
1778.0	0	0	0	1
1782.0	0	0	0	1
1784.0	0	1	0	0
1785.0	0	0	0	1
1786.0	0	0	0	1
1794.0	0	0	0	1
1795.0	0	2	0	0
1798.0	0	1	0	0
1802.0	0	1	0	0
1806.0	0	0	0	1
1815.0	0	1	0	0
1816.0	0	0	0	1
1817.0	0	0	0	1
1824.0	0	1	0	0
1830.0	0	1	0	0
1842.0	0	0	0	1
1854.0	0	0	0	1
1855.0	0	1	0	0
1861.0	0	1	0	0
1886.0	0	0	0	1
1900.0	0	1	0	0
1921.0	0	0	0	1
1930.0	0	1	0	0
1969.0	0	0	0	1
1982.0	0	1	0	1
1995.0	0	1	0	0
1998.0	0	0	0	1
2011.0	0	1	0	0
2014.0	0	0	0	1
2025.0	0	1	0	0
2046.0	0	0	0	1
2059.0	0	1	0	0
2064.0	0	0	0	1
2067.0	0	0	0	1
2072.0	0	0	0	1
2074.0	0	1	0	0
2077.0	0	1	0	0
2085.0	0	1	0	1
2090.0	0	0	0	1
2095.0	0	1	0	0
2107.0	0	1	0	0
2111.0	0	0	0	1
2114.0	0	0	0	1
2120.0	0	1	0	0
2128.0	0	1	0	0
2135.0	0	0	0	1
2144.0	0	1	0	0
2154.0	0	0	0	1
2163.0	0	1	0	0
2189.0	0	0	0	1
2194.0	0	0	0	1
2198.0	0	1	0	0
2206.0	0	1	0	0
2262.0	0	0	0	1
2276.0	0	1	0	0
2288.0	0	0	0	1
2300.0	0	1	0	0
2308.0	0	0	0	1
2314.0	0	0	0	1
2320.0	0	1	0	0
2322.0	0	1	0	0
2414.0	0	0	0	1
2424.0	0	1	0	0
2438.0	0	0	0	1
2446.0	0	0	0	1
2447.0	0	1	0	0
2448.0	0	0	0	1
2456.0	0	1	0	0
2462.0	0	1	0	0
2463.0	0	0	0	1
2471.0	0	1	0	0
2674.0	0	0	0	1
2681.0	0	1	0	0
2756.0	0	0	0	1
2770.0	0	1	0	0
2777.0	0	0	0	1
2786.0	0	1	0	0
2877.0	0	0	0	1
2886.0	0	1	0	0
3026.0	0	0	0	1
3033.0	0	1	0	0
3298.0	0	0	0	1
3311.0	0	1	0	0
3398.0	0	0	0	1
3416.0	0	1	0	0
3430.0	0	0	0	1
3441.0	0	0	0	1
3451.0	0	1	0	0
3455.0	0	1	0	0
3461.0	0	0	0	1
3481.0	0	1	0	0
3906.0	0	0	0	1
3921.0	0	1	0	0
4168.0	0	0	0	1
4178.0	0	0	0	1
4193.0	0	1	0	0
4199.0	0	1	0	0
4209.0	0	0	0	1
4226.0	0	0	0	1
4230.0	0	1	0	0
4242.0	0	1	0	0
4297.0	0	0	0	1
4313.0	0	1	0	0
4337.0	0	0	0	1
4358.0	0	1	0	0
4485.0	0	0	0	1
4507.0	0	1	0	0
4738.0	0	0	0	1
4767.0	0	1	0	0
4852.0	0	0	0	1
4878.0	0	1	0	0

