## htsjdk.samtools.metrics.StringHeader
# MarkDuplicates INPUT=[S77F.sorted.bam] OUTPUT=../output/11-RNAseq-snps/S77F.dedup.bam METRICS_FILE=../output/11-RNAseq-snps/S77F.dup_metrics.txt REMOVE_DUPLICATES=true    MAX_SEQUENCES_FOR_DISK_READ_ENDS_MAP=50000 MAX_FILE_HANDLES_FOR_READ_ENDS_MAP=8000 SORTING_COLLECTION_SIZE_RATIO=0.25 TAG_DUPLICATE_SET_MEMBERS=false REMOVE_SEQUENCING_DUPLICATES=false TAGGING_POLICY=DontTag CLEAR_DT=true DUPLEX_UMI=false ADD_PG_TAG_TO_READS=true ASSUME_SORTED=false DUPLICATE_SCORING_STRATEGY=SUM_OF_BASE_QUALITIES PROGRAM_RECORD_ID=MarkDuplicates PROGRAM_GROUP_NAME=MarkDuplicates READ_NAME_REGEX=<optimized capture of last three ':' separated fields as numeric values> OPTICAL_DUPLICATE_PIXEL_DISTANCE=100 MAX_OPTICAL_DUPLICATE_SET_SIZE=300000 VERBOSITY=INFO QUIET=false VALIDATION_STRINGENCY=STRICT COMPRESSION_LEVEL=2 MAX_RECORDS_IN_RAM=500000 CREATE_INDEX=false CREATE_MD5_FILE=false GA4GH_CLIENT_SECRETS=client_secrets.json USE_JDK_DEFLATER=false USE_JDK_INFLATER=false
## htsjdk.samtools.metrics.StringHeader
# Started on: Wed Mar 09 13:17:42 PST 2022

## METRICS CLASS	picard.sam.DuplicationMetrics
LIBRARY	UNPAIRED_READS_EXAMINED	READ_PAIRS_EXAMINED	SECONDARY_OR_SUPPLEMENTARY_RDS	UNMAPPED_READS	UNPAIRED_READ_DUPLICATES	READ_PAIR_DUPLICATES	READ_PAIR_OPTICAL_DUPLICATES	PERCENT_DUPLICATION	ESTIMATED_LIBRARY_SIZE
Unknown Library	2140152	22027438	12440154	8558962	1252671	7787280	115344	0.364265	23456911

## HISTOGRAM	java.lang.Double
BIN	CoverageMult	all_sets	optical_sets	non_optical_sets
1.0	1.003175	12147315	0	12209853
2.0	1.395412	1491259	99824	1443379
3.0	1.548774	283227	3432	272822
4.0	1.608738	95592	937	93237
5.0	1.632184	47963	395	47298
6.0	1.641351	29315	215	29031
7.0	1.644935	19868	108	19650
8.0	1.646337	14365	67	14278
9.0	1.646885	11155	40	11025
10.0	1.647099	8902	30	8877
11.0	1.647183	7406	30	7369
12.0	1.647216	6077	13	6059
13.0	1.647228	5337	9	5269
14.0	1.647233	4554	3	4517
15.0	1.647235	3854	9	3829
16.0	1.647236	3504	5	3511
17.0	1.647237	3072	9	3056
18.0	1.647237	2905	2	2884
19.0	1.647237	2589	6	2594
20.0	1.647237	2287	2	2252
21.0	1.647237	2083	1	2097
22.0	1.647237	1907	0	1917
23.0	1.647237	1792	2	1755
24.0	1.647237	1644	1	1641
25.0	1.647237	1531	1	1520
26.0	1.647237	1394	1	1366
27.0	1.647237	1320	0	1323
28.0	1.647237	1207	0	1207
29.0	1.647237	1137	0	1125
30.0	1.647237	1102	2	1130
31.0	1.647237	1105	1	1072
32.0	1.647237	962	1	950
33.0	1.647237	899	0	897
34.0	1.647237	834	0	845
35.0	1.647237	832	0	805
36.0	1.647237	751	0	749
37.0	1.647237	804	2	814
38.0	1.647237	657	0	663
39.0	1.647237	661	0	672
40.0	1.647237	695	0	676
41.0	1.647237	625	0	642
42.0	1.647237	686	1	672
43.0	1.647237	615	0	623
44.0	1.647237	622	0	596
45.0	1.647237	525	0	509
46.0	1.647237	478	0	475
47.0	1.647237	462	0	485
48.0	1.647237	511	0	498
49.0	1.647237	425	0	444
50.0	1.647237	438	0	414
51.0	1.647237	435	0	430
52.0	1.647237	395	0	401
53.0	1.647237	384	0	372
54.0	1.647237	371	0	377
55.0	1.647237	347	0	351
56.0	1.647237	351	0	329
57.0	1.647237	323	0	333
58.0	1.647237	354	0	359
59.0	1.647237	326	0	318
60.0	1.647237	298	0	301
61.0	1.647237	308	0	311
62.0	1.647237	331	0	321
63.0	1.647237	278	0	282
64.0	1.647237	280	0	283
65.0	1.647237	293	0	296
66.0	1.647237	260	0	234
67.0	1.647237	231	0	236
68.0	1.647237	245	0	241
69.0	1.647237	229	0	254
70.0	1.647237	275	0	252
71.0	1.647237	235	0	230
72.0	1.647237	217	0	213
73.0	1.647237	187	0	195
74.0	1.647237	227	0	218
75.0	1.647237	180	0	196
76.0	1.647237	219	0	205
77.0	1.647237	176	0	183
78.0	1.647237	179	0	181
79.0	1.647237	179	0	169
80.0	1.647237	168	0	173
81.0	1.647237	185	0	197
82.0	1.647237	194	0	171
83.0	1.647237	159	0	167
84.0	1.647237	169	0	170
85.0	1.647237	159	0	154
86.0	1.647237	176	0	162
87.0	1.647237	134	0	142
88.0	1.647237	143	0	136
89.0	1.647237	140	0	145
90.0	1.647237	139	0	136
91.0	1.647237	131	0	133
92.0	1.647237	126	0	128
93.0	1.647237	132	0	145
94.0	1.647237	144	0	153
95.0	1.647237	142	0	123
96.0	1.647237	125	0	125
97.0	1.647237	136	0	134
98.0	1.647237	115	0	101
99.0	1.647237	112	0	114
100.0	1.647237	116	0	118
101.0	0	98	0	97
102.0	0	103	0	108
103.0	0	106	0	121
104.0	0	126	0	112
105.0	0	102	0	95
106.0	0	111	0	119
107.0	0	116	0	106
108.0	0	103	0	105
109.0	0	110	0	115
110.0	0	94	0	85
111.0	0	91	0	98
112.0	0	111	0	108
113.0	0	95	0	98
114.0	0	94	0	84
115.0	0	93	0	88
116.0	0	85	0	80
117.0	0	67	0	81
118.0	0	90	0	75
119.0	0	71	0	80
120.0	0	78	0	94
121.0	0	90	0	72
122.0	0	70	0	75
123.0	0	60	0	70
124.0	0	91	0	89
125.0	0	81	0	64
126.0	0	60	0	66
127.0	0	68	0	78
128.0	0	83	0	78
129.0	0	73	0	57
130.0	0	54	0	60
131.0	0	66	0	65
132.0	0	56	0	58
133.0	0	62	0	65
134.0	0	70	0	67
135.0	0	57	0	70
136.0	0	65	0	57
137.0	0	60	0	65
138.0	0	69	0	60
139.0	0	58	0	66
140.0	0	77	0	72
141.0	0	63	0	60
142.0	0	53	0	58
143.0	0	67	0	64
144.0	0	67	0	69
145.0	0	51	0	61
146.0	0	56	0	58
147.0	0	64	0	56
148.0	0	62	0	48
149.0	0	47	0	54
150.0	0	61	0	64
151.0	0	59	0	57
152.0	0	66	0	71
153.0	0	61	0	54
154.0	0	52	0	32
155.0	0	32	0	48
156.0	0	54	0	53
157.0	0	51	0	58
158.0	0	43	0	47
159.0	0	59	0	52
160.0	0	46	0	49
161.0	0	48	0	43
162.0	0	47	0	35
163.0	0	42	0	33
164.0	0	39	0	43
165.0	0	36	0	38
166.0	0	35	0	38
167.0	0	42	0	47
168.0	0	31	0	34
169.0	0	50	0	52
170.0	0	53	0	50
171.0	0	37	0	43
172.0	0	47	0	33
173.0	0	33	0	34
174.0	0	31	0	39
175.0	0	35	0	36
176.0	0	40	0	40
177.0	0	43	0	39
178.0	0	28	0	23
179.0	0	34	0	41
180.0	0	38	0	31
181.0	0	35	0	36
182.0	0	36	0	24
183.0	0	27	0	42
184.0	0	33	0	31
185.0	0	37	0	31
186.0	0	31	0	35
187.0	0	33	0	29
188.0	0	29	0	34
189.0	0	34	0	34
190.0	0	36	0	32
191.0	0	27	0	32
192.0	0	33	0	41
193.0	0	38	0	26
194.0	0	28	0	32
195.0	0	35	0	31
196.0	0	26	0	26
197.0	0	28	0	29
198.0	0	29	0	34
199.0	0	32	0	27
200.0	0	35	0	36
201.0	0	28	0	26
202.0	0	31	0	28
203.0	0	23	0	29
204.0	0	27	0	28
205.0	0	26	0	21
206.0	0	27	0	25
207.0	0	27	0	23
208.0	0	17	0	17
209.0	0	19	0	26
210.0	0	15	0	18
211.0	0	27	0	13
212.0	0	19	0	28
213.0	0	20	0	18
214.0	0	25	0	21
215.0	0	18	0	26
216.0	0	20	0	24
217.0	0	26	0	24
218.0	0	29	0	23
219.0	0	15	0	13
220.0	0	17	0	21
221.0	0	17	0	19
222.0	0	29	0	33
223.0	0	23	0	21
224.0	0	29	0	22
225.0	0	23	0	23
226.0	0	20	0	19
227.0	0	18	0	18
228.0	0	21	0	25
229.0	0	18	0	19
230.0	0	26	0	30
231.0	0	20	0	12
232.0	0	20	0	20
233.0	0	23	0	25
234.0	0	19	0	20
235.0	0	26	0	24
236.0	0	13	0	20
237.0	0	20	0	15
238.0	0	20	0	29
239.0	0	24	0	16
240.0	0	21	0	18
241.0	0	19	0	21
242.0	0	22	0	18
243.0	0	20	0	23
244.0	0	20	0	17
245.0	0	21	0	21
246.0	0	16	0	21
247.0	0	18	0	21
248.0	0	21	0	18
249.0	0	16	0	15
250.0	0	19	0	18
251.0	0	18	0	19
252.0	0	20	0	15
253.0	0	11	0	15
254.0	0	22	0	16
255.0	0	16	0	14
256.0	0	12	0	15
257.0	0	15	0	16
258.0	0	14	0	16
259.0	0	12	0	16
260.0	0	21	0	12
261.0	0	14	0	11
262.0	0	8	0	12
263.0	0	11	0	9
264.0	0	13	0	11
265.0	0	14	0	16
266.0	0	16	0	15
267.0	0	15	0	13
268.0	0	15	0	22
269.0	0	13	0	22
270.0	0	17	0	15
271.0	0	22	0	14
272.0	0	17	0	15
273.0	0	11	0	12
274.0	0	20	0	18
275.0	0	13	0	16
276.0	0	17	0	19
277.0	0	19	0	16
278.0	0	11	0	16
279.0	0	15	0	9
280.0	0	18	0	17
281.0	0	15	0	15
282.0	0	11	0	18
283.0	0	17	0	14
284.0	0	14	0	12
285.0	0	13	0	8
286.0	0	8	0	14
287.0	0	17	0	17
288.0	0	16	0	13
289.0	0	12	0	7
290.0	0	9	0	16
291.0	0	10	0	10
292.0	0	10	0	8
293.0	0	9	0	13
294.0	0	12	0	7
295.0	0	9	0	8
296.0	0	15	0	8
297.0	0	7	0	8
298.0	0	7	0	9
299.0	0	8	0	5
300.0	0	6	0	12
301.0	0	13	0	9
302.0	0	8	0	12
303.0	0	10	0	13
304.0	0	8	0	6
305.0	0	11	0	9
306.0	0	13	0	18
307.0	0	15	0	9
308.0	0	6	0	12
309.0	0	13	0	16
310.0	0	14	0	6
311.0	0	12	0	4
312.0	0	4	0	11
313.0	0	9	0	8
314.0	0	8	0	8
315.0	0	9	0	11
316.0	0	9	0	17
317.0	0	8	0	11
318.0	0	18	0	9
319.0	0	11	0	10
320.0	0	9	0	13
321.0	0	9	0	8
322.0	0	10	0	13
323.0	0	11	0	11
324.0	0	9	0	4
325.0	0	11	0	12
326.0	0	13	0	9
327.0	0	10	0	11
328.0	0	9	0	7
329.0	0	9	0	13
330.0	0	10	0	9
331.0	0	12	0	11
332.0	0	6	0	9
333.0	0	9	0	9
334.0	0	6	0	8
335.0	0	13	0	5
336.0	0	7	0	6
337.0	0	4	0	9
338.0	0	11	0	9
339.0	0	4	0	5
340.0	0	6	0	8
341.0	0	12	0	6
342.0	0	5	0	11
343.0	0	4	0	6
344.0	0	11	0	5
345.0	0	3	0	9
346.0	0	11	0	11
347.0	0	7	0	8
348.0	0	9	0	15
349.0	0	20	0	9
350.0	0	9	0	10
351.0	0	11	0	6
352.0	0	8	0	12
353.0	0	11	0	13
354.0	0	7	0	4
355.0	0	6	0	8
356.0	0	9	0	10
357.0	0	6	0	8
358.0	0	9	0	10
359.0	0	11	0	5
360.0	0	8	0	16
361.0	0	8	0	5
362.0	0	6	0	6
363.0	0	11	0	12
364.0	0	11	0	6
365.0	0	13	0	11
366.0	0	7	0	4
367.0	0	10	0	8
368.0	0	4	0	4
369.0	0	5	0	2
370.0	0	5	0	8
371.0	0	4	0	7
372.0	0	4	0	4
373.0	0	6	0	6
374.0	0	6	0	6
375.0	0	11	0	8
376.0	0	6	0	8
377.0	0	3	0	9
378.0	0	7	0	6
379.0	0	6	0	8
380.0	0	7	0	5
381.0	0	6	0	6
382.0	0	9	0	6
383.0	0	5	0	2
384.0	0	3	0	4
385.0	0	5	0	8
386.0	0	5	0	6
387.0	0	5	0	8
388.0	0	8	0	7
389.0	0	9	0	5
390.0	0	4	0	1
391.0	0	2	0	5
392.0	0	8	0	13
393.0	0	8	0	7
394.0	0	5	0	7
395.0	0	8	0	6
396.0	0	7	0	4
397.0	0	7	0	9
398.0	0	3	0	6
399.0	0	7	0	5
400.0	0	10	0	4
401.0	0	7	0	6
402.0	0	2	0	4
403.0	0	6	0	2
404.0	0	4	0	10
405.0	0	5	0	3
406.0	0	4	0	9
407.0	0	8	0	7
408.0	0	8	0	8
409.0	0	6	0	4
410.0	0	9	0	6
411.0	0	4	0	4
412.0	0	1	0	3
413.0	0	8	0	9
414.0	0	5	0	4
415.0	0	5	0	3
416.0	0	4	0	5
417.0	0	4	0	3
418.0	0	6	0	4
419.0	0	3	0	5
420.0	0	4	0	3
421.0	0	6	0	8
422.0	0	3	0	7
423.0	0	6	0	7
424.0	0	7	0	4
425.0	0	4	0	7
426.0	0	8	0	7
427.0	0	5	0	5
428.0	0	8	0	3
429.0	0	8	0	3
430.0	0	4	0	6
431.0	0	3	0	5
432.0	0	5	0	5
433.0	0	4	0	5
434.0	0	5	0	5
435.0	0	2	0	5
436.0	0	5	0	4
437.0	0	7	0	5
438.0	0	1	0	4
439.0	0	8	0	2
440.0	0	4	0	4
441.0	0	4	0	3
442.0	0	1	0	4
443.0	0	5	0	4
444.0	0	6	0	1
445.0	0	1	0	3
446.0	0	2	0	6
447.0	0	5	0	4
448.0	0	3	0	2
449.0	0	2	0	6
450.0	0	6	0	5
451.0	0	5	0	5
452.0	0	4	0	1
453.0	0	2	0	1
454.0	0	3	0	7
455.0	0	3	0	6
456.0	0	4	0	3
457.0	0	5	0	7
458.0	0	4	0	2
459.0	0	8	0	0
460.0	0	3	0	0
461.0	0	2	0	3
462.0	0	2	0	3
463.0	0	1	0	4
464.0	0	1	0	4
465.0	0	2	0	7
466.0	0	5	0	5
467.0	0	8	0	1
468.0	0	1	0	4
469.0	0	4	0	3
470.0	0	3	0	3
471.0	0	4	0	4
472.0	0	5	0	4
473.0	0	1	0	5
474.0	0	4	0	5
475.0	0	4	0	5
476.0	0	4	0	3
477.0	0	6	0	1
478.0	0	4	0	5
479.0	0	5	0	1
480.0	0	1	0	1
481.0	0	3	0	7
482.0	0	0	0	1
483.0	0	5	0	6
484.0	0	4	0	2
485.0	0	4	0	3
486.0	0	4	0	1
487.0	0	2	0	3
488.0	0	2	0	7
489.0	0	5	0	7
490.0	0	3	0	2
491.0	0	4	0	0
492.0	0	2	0	2
493.0	0	2	0	3
494.0	0	7	0	3
495.0	0	0	0	2
496.0	0	2	0	4
497.0	0	3	0	2
498.0	0	3	0	4
499.0	0	3	0	7
500.0	0	4	0	4
501.0	0	4	0	1
502.0	0	5	0	6
503.0	0	5	0	3
504.0	0	4	0	4
505.0	0	6	0	4
506.0	0	1	0	5
507.0	0	4	0	4
508.0	0	3	0	3
509.0	0	5	0	3
510.0	0	3	0	6
511.0	0	4	0	3
512.0	0	5	0	3
513.0	0	5	0	3
514.0	0	5	0	2
515.0	0	3	0	5
516.0	0	1	0	4
517.0	0	4	0	6
518.0	0	4	0	2
519.0	0	4	0	4
520.0	0	5	0	3
521.0	0	3	0	3
522.0	0	2	0	3
523.0	0	3	0	3
524.0	0	2	0	6
525.0	0	1	0	3
526.0	0	5	0	4
527.0	0	3	0	3
528.0	0	3	0	0
529.0	0	4	0	1
530.0	0	3	0	3
531.0	0	2	0	7
532.0	0	3	0	2
533.0	0	2	0	1
534.0	0	4	0	2
535.0	0	2	0	3
536.0	0	3	0	1
537.0	0	5	0	3
538.0	0	2	0	1
539.0	0	0	0	3
540.0	0	5	0	1
541.0	0	1	0	2
542.0	0	2	0	6
543.0	0	2	0	4
544.0	0	0	0	1
545.0	0	3	0	2
546.0	0	8	0	2
547.0	0	1	0	6
548.0	0	3	0	2
549.0	0	3	0	0
550.0	0	3	0	3
551.0	0	1	0	2
552.0	0	1	0	1
553.0	0	1	0	0
554.0	0	0	0	4
555.0	0	5	0	3
556.0	0	2	0	0
557.0	0	4	0	4
558.0	0	2	0	1
559.0	0	1	0	2
560.0	0	2	0	3
561.0	0	2	0	1
562.0	0	3	0	3
563.0	0	2	0	1
564.0	0	3	0	1
565.0	0	1	0	1
566.0	0	2	0	1
567.0	0	1	0	4
568.0	0	1	0	1
569.0	0	3	0	2
570.0	0	2	0	7
571.0	0	0	0	1
572.0	0	4	0	5
573.0	0	3	0	2
574.0	0	2	0	1
575.0	0	5	0	4
576.0	0	3	0	2
577.0	0	2	0	1
578.0	0	1	0	3
579.0	0	3	0	7
580.0	0	2	0	0
581.0	0	6	0	2
582.0	0	2	0	2
583.0	0	2	0	2
584.0	0	1	0	2
585.0	0	2	0	3
586.0	0	2	0	3
587.0	0	1	0	2
588.0	0	6	0	5
589.0	0	2	0	2
590.0	0	4	0	2
591.0	0	2	0	3
592.0	0	3	0	1
593.0	0	2	0	3
594.0	0	1	0	2
595.0	0	1	0	0
596.0	0	2	0	2
597.0	0	3	0	4
598.0	0	3	0	2
599.0	0	2	0	1
600.0	0	3	0	3
601.0	0	2	0	3
602.0	0	2	0	5
604.0	0	2	0	3
605.0	0	3	0	1
606.0	0	2	0	1
607.0	0	1	0	2
608.0	0	2	0	2
609.0	0	3	0	2
610.0	0	2	0	2
611.0	0	2	0	1
613.0	0	2	0	0
614.0	0	2	0	1
615.0	0	4	0	0
616.0	0	0	0	3
617.0	0	0	0	4
618.0	0	0	0	3
619.0	0	3	0	1
620.0	0	2	0	0
621.0	0	2	0	1
622.0	0	2	0	1
623.0	0	2	0	0
624.0	0	2	0	2
625.0	0	1	0	1
626.0	0	0	0	5
627.0	0	3	0	0
628.0	0	2	0	3
629.0	0	1	0	0
630.0	0	3	0	1
631.0	0	0	0	3
632.0	0	1	0	2
633.0	0	1	0	4
634.0	0	2	0	2
635.0	0	3	0	2
636.0	0	1	0	1
637.0	0	2	0	1
638.0	0	3	0	1
639.0	0	1	0	0
640.0	0	1	0	1
641.0	0	2	0	2
642.0	0	1	0	0
643.0	0	1	0	4
644.0	0	1	0	2
645.0	0	1	0	2
646.0	0	2	0	3
647.0	0	4	0	3
648.0	0	4	0	2
649.0	0	2	0	1
650.0	0	2	0	2
652.0	0	2	0	2
653.0	0	4	0	1
654.0	0	1	0	0
655.0	0	0	0	4
656.0	0	2	0	2
657.0	0	0	0	1
658.0	0	1	0	1
659.0	0	1	0	4
660.0	0	1	0	1
661.0	0	2	0	1
662.0	0	3	0	1
663.0	0	3	0	3
664.0	0	2	0	3
665.0	0	1	0	5
666.0	0	1	0	2
667.0	0	1	0	0
668.0	0	3	0	3
669.0	0	3	0	1
670.0	0	3	0	4
671.0	0	0	0	1
672.0	0	4	0	3
673.0	0	2	0	0
674.0	0	3	0	1
675.0	0	1	0	1
676.0	0	1	0	2
677.0	0	3	0	1
678.0	0	2	0	0
679.0	0	1	0	2
680.0	0	1	0	3
681.0	0	0	0	1
682.0	0	1	0	3
683.0	0	2	0	3
684.0	0	2	0	0
685.0	0	2	0	0
686.0	0	2	0	1
687.0	0	2	0	1
688.0	0	1	0	1
689.0	0	0	0	2
690.0	0	2	0	2
691.0	0	3	0	1
692.0	0	1	0	3
693.0	0	0	0	3
694.0	0	1	0	2
695.0	0	1	0	2
696.0	0	2	0	2
697.0	0	3	0	2
698.0	0	1	0	0
699.0	0	5	0	0
700.0	0	1	0	1
701.0	0	0	0	2
702.0	0	3	0	1
703.0	0	1	0	4
704.0	0	3	0	2
705.0	0	1	0	1
707.0	0	1	0	0
708.0	0	2	0	1
709.0	0	2	0	1
710.0	0	1	0	1
711.0	0	1	0	1
712.0	0	1	0	1
713.0	0	0	0	1
715.0	0	2	0	2
716.0	0	2	0	2
717.0	0	0	0	1
718.0	0	0	0	1
719.0	0	2	0	0
720.0	0	0	0	1
721.0	0	2	0	1
722.0	0	3	0	1
723.0	0	1	0	1
724.0	0	0	0	1
725.0	0	0	0	2
726.0	0	0	0	1
727.0	0	2	0	2
728.0	0	2	0	1
730.0	0	1	0	2
731.0	0	1	0	0
732.0	0	2	0	0
733.0	0	1	0	1
734.0	0	0	0	2
735.0	0	1	0	3
736.0	0	2	0	4
737.0	0	1	0	1
738.0	0	2	0	0
739.0	0	1	0	0
740.0	0	3	0	0
742.0	0	1	0	1
743.0	0	0	0	1
744.0	0	1	0	1
746.0	0	2	0	2
747.0	0	1	0	0
748.0	0	0	0	1
749.0	0	1	0	1
750.0	0	1	0	1
751.0	0	1	0	0
752.0	0	1	0	1
753.0	0	0	0	2
754.0	0	2	0	1
756.0	0	1	0	2
757.0	0	3	0	2
758.0	0	0	0	1
759.0	0	1	0	2
760.0	0	0	0	1
761.0	0	3	0	1
762.0	0	2	0	0
763.0	0	1	0	2
764.0	0	1	0	3
765.0	0	1	0	2
766.0	0	2	0	3
767.0	0	2	0	0
768.0	0	1	0	0
769.0	0	1	0	1
770.0	0	1	0	0
771.0	0	2	0	0
772.0	0	2	0	0
774.0	0	0	0	1
776.0	0	1	0	1
777.0	0	0	0	1
778.0	0	1	0	0
779.0	0	0	0	2
781.0	0	1	0	0
782.0	0	1	0	0
785.0	0	0	0	1
786.0	0	1	0	3
787.0	0	0	0	1
788.0	0	0	0	3
789.0	0	3	0	2
790.0	0	0	0	1
791.0	0	3	0	3
792.0	0	1	0	1
793.0	0	3	0	0
794.0	0	1	0	0
795.0	0	2	0	0
796.0	0	1	0	0
797.0	0	1	0	0
799.0	0	0	0	3
800.0	0	1	0	0
801.0	0	0	0	1
802.0	0	1	0	3
803.0	0	0	0	1
804.0	0	1	0	0
806.0	0	1	0	1
808.0	0	1	0	0
809.0	0	2	0	0
812.0	0	1	0	1
813.0	0	1	0	0
814.0	0	0	0	1
816.0	0	1	0	1
817.0	0	0	0	1
819.0	0	0	0	2
820.0	0	1	0	1
821.0	0	2	0	2
822.0	0	1	0	1
823.0	0	1	0	0
824.0	0	0	0	2
826.0	0	4	0	2
827.0	0	2	0	0
829.0	0	2	0	0
832.0	0	0	0	1
833.0	0	0	0	3
835.0	0	1	0	1
836.0	0	1	0	2
837.0	0	1	0	2
838.0	0	1	0	1
839.0	0	2	0	1
840.0	0	1	0	1
841.0	0	1	0	3
842.0	0	1	0	0
843.0	0	1	0	1
844.0	0	1	0	2
845.0	0	2	0	3
846.0	0	2	0	1
847.0	0	1	0	1
848.0	0	2	0	1
849.0	0	1	0	0
850.0	0	4	0	1
853.0	0	2	0	1
856.0	0	1	0	0
858.0	0	0	0	1
859.0	0	0	0	2
862.0	0	0	0	1
863.0	0	0	0	2
864.0	0	0	0	1
865.0	0	2	0	0
866.0	0	1	0	0
867.0	0	2	0	0
868.0	0	1	0	0
869.0	0	0	0	2
870.0	0	1	0	0
871.0	0	0	0	1
872.0	0	0	0	2
873.0	0	0	0	2
874.0	0	1	0	1
876.0	0	2	0	1
877.0	0	2	0	1
879.0	0	2	0	0
880.0	0	2	0	0
882.0	0	0	0	1
883.0	0	0	0	3
884.0	0	2	0	1
885.0	0	0	0	2
887.0	0	1	0	1
888.0	0	2	0	1
889.0	0	2	0	1
891.0	0	1	0	0
892.0	0	0	0	1
893.0	0	2	0	0
894.0	0	1	0	1
895.0	0	0	0	2
896.0	0	0	0	1
897.0	0	1	0	2
898.0	0	1	0	1
899.0	0	1	0	1
900.0	0	1	0	2
902.0	0	0	0	1
903.0	0	2	0	1
904.0	0	3	0	0
905.0	0	1	0	1
906.0	0	1	0	0
907.0	0	1	0	0
908.0	0	1	0	0
909.0	0	1	0	1
911.0	0	0	0	1
913.0	0	0	0	1
914.0	0	1	0	1
915.0	0	1	0	0
916.0	0	0	0	2
918.0	0	2	0	1
921.0	0	0	0	1
922.0	0	1	0	0
925.0	0	1	0	0
926.0	0	0	0	2
928.0	0	2	0	0
930.0	0	1	0	1
931.0	0	0	0	2
932.0	0	0	0	1
933.0	0	0	0	1
934.0	0	1	0	1
935.0	0	2	0	0
936.0	0	1	0	0
938.0	0	0	0	1
939.0	0	0	0	1
941.0	0	2	0	0
942.0	0	0	0	1
943.0	0	0	0	1
944.0	0	1	0	2
946.0	0	2	0	1
947.0	0	0	0	1
948.0	0	2	0	0
949.0	0	1	0	1
950.0	0	1	0	0
954.0	0	1	0	1
955.0	0	0	0	1
956.0	0	1	0	0
957.0	0	0	0	1
959.0	0	2	0	0
961.0	0	1	0	0
964.0	0	0	0	1
966.0	0	0	0	1
967.0	0	1	0	3
970.0	0	0	0	1
971.0	0	2	0	0
973.0	0	2	0	0
975.0	0	1	0	0
976.0	0	1	0	0
977.0	0	0	0	1
978.0	0	0	0	2
979.0	0	1	0	0
980.0	0	0	0	2
984.0	0	1	0	0
985.0	0	1	0	0
986.0	0	1	0	0
987.0	0	1	0	0
989.0	0	0	0	1
991.0	0	0	0	1
992.0	0	0	0	2
993.0	0	0	0	2
994.0	0	1	0	0
995.0	0	0	0	1
997.0	0	1	0	0
998.0	0	2	0	0
999.0	0	2	0	0
1001.0	0	0	0	2
1002.0	0	1	0	0
1005.0	0	1	0	1
1007.0	0	0	0	1
1009.0	0	1	0	0
1010.0	0	1	0	1
1011.0	0	0	0	1
1014.0	0	1	0	1
1015.0	0	1	0	1
1016.0	0	1	0	0
1017.0	0	0	0	1
1019.0	0	1	0	0
1020.0	0	0	0	2
1021.0	0	2	0	1
1024.0	0	1	0	1
1026.0	0	0	0	1
1027.0	0	1	0	0
1028.0	0	1	0	1
1029.0	0	1	0	0
1030.0	0	1	0	0
1031.0	0	0	0	1
1032.0	0	1	0	0
1033.0	0	0	0	1
1034.0	0	0	0	1
1036.0	0	2	0	0
1039.0	0	0	0	1
1040.0	0	1	0	0
1046.0	0	0	0	2
1047.0	0	0	0	1
1048.0	0	1	0	0
1049.0	0	0	0	1
1051.0	0	2	0	1
1054.0	0	0	0	1
1056.0	0	2	0	0
1057.0	0	0	0	2
1058.0	0	0	0	1
1059.0	0	0	0	1
1060.0	0	1	0	0
1061.0	0	1	0	1
1062.0	0	1	0	0
1063.0	0	1	0	0
1064.0	0	2	0	2
1065.0	0	0	0	1
1066.0	0	0	0	1
1068.0	0	1	0	0
1070.0	0	1	0	0
1071.0	0	1	0	0
1072.0	0	0	0	2
1073.0	0	0	0	1
1074.0	0	1	0	1
1075.0	0	1	0	1
1076.0	0	2	0	1
1077.0	0	1	0	0
1079.0	0	0	0	1
1080.0	0	0	0	1
1081.0	0	2	0	0
1083.0	0	1	0	0
1087.0	0	1	0	0
1088.0	0	1	0	1
1093.0	0	1	0	0
1095.0	0	0	0	1
1099.0	0	1	0	0
1105.0	0	0	0	1
1112.0	0	1	0	0
1116.0	0	0	0	1
1120.0	0	0	0	1
1121.0	0	0	0	1
1123.0	0	0	0	1
1124.0	0	1	0	0
1126.0	0	1	0	0
1129.0	0	1	0	1
1130.0	0	0	0	1
1131.0	0	0	0	1
1133.0	0	1	0	0
1136.0	0	1	0	0
1137.0	0	1	0	0
1138.0	0	0	0	1
1141.0	0	1	0	0
1143.0	0	1	0	0
1145.0	0	0	0	1
1146.0	0	0	0	1
1147.0	0	1	0	0
1149.0	0	0	0	1
1154.0	0	0	0	1
1155.0	0	2	0	0
1156.0	0	0	0	1
1160.0	0	0	0	1
1161.0	0	1	0	0
1163.0	0	0	0	1
1164.0	0	0	0	1
1165.0	0	1	0	0
1166.0	0	1	0	0
1167.0	0	1	0	0
1168.0	0	0	0	1
1170.0	0	0	0	1
1174.0	0	1	0	1
1176.0	0	1	0	0
1179.0	0	1	0	1
1183.0	0	0	0	1
1184.0	0	1	0	0
1189.0	0	1	0	0
1191.0	0	0	0	1
1192.0	0	1	0	0
1193.0	0	0	0	1
1195.0	0	0	0	1
1198.0	0	1	0	1
1202.0	0	1	0	0
1203.0	0	1	0	0
1205.0	0	1	0	0
1209.0	0	0	0	1
1210.0	0	0	0	1
1214.0	0	1	0	0
1219.0	0	1	0	0
1221.0	0	0	0	1
1222.0	0	0	0	1
1226.0	0	1	0	0
1228.0	0	1	0	1
1229.0	0	0	0	1
1233.0	0	1	0	1
1235.0	0	0	0	1
1237.0	0	1	0	0
1239.0	0	1	0	0
1242.0	0	1	0	0
1247.0	0	0	0	1
1251.0	0	0	0	1
1257.0	0	1	0	0
1258.0	0	1	0	0
1263.0	0	0	0	1
1264.0	0	0	0	1
1268.0	0	0	0	1
1270.0	0	1	0	0
1274.0	0	1	0	0
1275.0	0	1	0	0
1281.0	0	0	0	1
1283.0	0	0	0	1
1284.0	0	1	0	0
1285.0	0	0	0	1
1286.0	0	0	0	1
1288.0	0	1	0	1
1291.0	0	1	0	0
1292.0	0	0	0	1
1293.0	0	1	0	2
1294.0	0	1	0	0
1295.0	0	1	0	0
1296.0	0	0	0	1
1297.0	0	0	0	1
1299.0	0	1	0	0
1301.0	0	1	0	0
1307.0	0	1	0	0
1308.0	0	0	0	1
1310.0	0	1	0	0
1314.0	0	0	0	1
1316.0	0	1	0	0
1322.0	0	0	0	1
1324.0	0	1	0	0
1328.0	0	1	0	0
1329.0	0	0	0	3
1336.0	0	1	0	0
1340.0	0	1	0	0
1341.0	0	1	0	1
1345.0	0	1	0	0
1352.0	0	0	0	1
1357.0	0	0	0	1
1359.0	0	0	0	1
1362.0	0	1	0	0
1365.0	0	1	0	0
1366.0	0	0	0	1
1369.0	0	1	0	0
1371.0	0	0	0	2
1373.0	0	0	0	1
1374.0	0	1	0	0
1377.0	0	1	0	1
1378.0	0	1	0	0
1385.0	0	1	0	0
1386.0	0	1	0	0
1404.0	0	0	0	1
1409.0	0	0	0	1
1414.0	0	1	0	0
1415.0	0	1	0	1
1418.0	0	0	0	1
1423.0	0	1	0	0
1425.0	0	0	0	1
1431.0	0	0	0	1
1432.0	0	1	0	1
1437.0	0	1	0	0
1439.0	0	1	0	0
1443.0	0	1	0	0
1446.0	0	0	0	1
1448.0	0	0	0	1
1455.0	0	1	0	0
1464.0	0	1	0	0
1467.0	0	0	0	1
1469.0	0	0	0	2
1470.0	0	0	0	1
1472.0	0	1	0	0
1473.0	0	1	0	0
1476.0	0	0	0	1
1477.0	0	1	0	0
1482.0	0	0	0	1
1486.0	0	1	0	1
1489.0	0	1	0	0
1492.0	0	0	0	1
1496.0	0	1	0	0
1498.0	0	1	0	0
1500.0	0	1	0	0
1522.0	0	0	0	1
1529.0	0	1	0	0
1536.0	0	0	0	1
1539.0	0	0	0	1
1543.0	0	0	0	1
1544.0	0	1	0	0
1548.0	0	1	0	0
1551.0	0	0	0	1
1554.0	0	1	0	0
1566.0	0	1	0	1
1570.0	0	0	0	1
1575.0	0	1	0	0
1577.0	0	1	0	0
1580.0	0	0	0	1
1587.0	0	1	0	0
1592.0	0	0	0	1
1599.0	0	1	0	0
1600.0	0	0	0	1
1609.0	0	1	0	0
1623.0	0	0	0	1
1631.0	0	1	0	0
1646.0	0	0	0	1
1658.0	0	0	0	1
1660.0	0	1	0	0
1667.0	0	1	0	0
1671.0	0	0	0	1
1680.0	0	1	0	0
1694.0	0	0	0	1
1697.0	0	1	0	0
1698.0	0	0	0	1
1705.0	0	1	0	1
1718.0	0	0	0	1
1719.0	0	1	0	0
1726.0	0	1	0	0
1753.0	0	0	0	1
1755.0	0	0	0	1
1757.0	0	0	0	1
1759.0	0	0	0	1
1764.0	0	1	0	0
1765.0	0	1	0	0
1766.0	0	1	0	0
1769.0	0	1	0	0
1773.0	0	0	0	1
1785.0	0	1	0	0
1844.0	0	0	0	1
1853.0	0	1	0	0
1854.0	0	0	0	1
1861.0	0	1	0	0
1869.0	0	0	0	1
1879.0	0	1	0	0
1884.0	0	0	0	1
1890.0	0	0	0	1
1891.0	0	1	0	0
1894.0	0	0	0	1
1900.0	0	1	0	0
1904.0	0	1	0	0
1907.0	0	0	0	1
1919.0	0	1	0	0
1922.0	0	0	0	1
1929.0	0	0	0	1
1938.0	0	1	0	0
1940.0	0	1	0	0
1942.0	0	0	0	1
1948.0	0	0	0	1
1956.0	0	1	0	0
1957.0	0	1	0	0
1984.0	0	0	0	2
1994.0	0	0	0	1
1997.0	0	1	0	0
1999.0	0	1	0	0
2002.0	0	0	0	1
2008.0	0	1	0	0
2012.0	0	1	0	0
2026.0	0	0	0	1
2030.0	0	0	0	1
2040.0	0	1	0	0
2044.0	0	1	0	0
2060.0	0	0	0	1
2070.0	0	1	0	0
2074.0	0	0	0	1
2082.0	0	1	0	0
2128.0	0	0	0	1
2145.0	0	1	0	0
2235.0	0	0	0	1
2245.0	0	0	0	1
2253.0	0	1	0	0
2254.0	0	1	0	0
2267.0	0	0	0	1
2272.0	0	0	0	1
2278.0	0	1	0	0
2288.0	0	1	0	0
2305.0	0	0	0	1
2321.0	0	1	0	0
2327.0	0	0	0	1
2331.0	0	0	0	1
2338.0	0	1	0	0
2347.0	0	1	0	0
2379.0	0	0	0	1
2401.0	0	1	0	0
2432.0	0	0	0	1
2450.0	0	1	0	0
2477.0	0	0	0	1
2482.0	0	0	0	1
2494.0	0	1	0	0
2497.0	0	1	0	0
2533.0	0	0	0	1
2551.0	0	1	0	0
2556.0	0	0	0	1
2564.0	0	0	0	1
2571.0	0	1	0	0
2574.0	0	1	0	0
2659.0	0	0	0	1
2675.0	0	1	0	0
2710.0	0	0	0	1
2720.0	0	0	0	1
2728.0	0	1	0	0
2730.0	0	1	0	0
2894.0	0	0	0	1
2908.0	0	1	0	0
2969.0	0	0	0	1
2984.0	0	1	0	0
3079.0	0	0	0	1
3091.0	0	0	0	1
3095.0	0	1	0	0
3110.0	0	1	0	0
3176.0	0	0	0	1
3198.0	0	1	0	0
3509.0	0	0	0	1
3529.0	0	1	0	0
3570.0	0	0	0	1
3588.0	0	1	0	0
3733.0	0	0	0	1
3756.0	0	1	0	0
3826.0	0	0	0	1
3844.0	0	1	0	0
4023.0	0	0	0	1
4048.0	0	1	0	0
4131.0	0	0	0	1
4162.0	0	1	0	0
4262.0	0	0	0	1
4291.0	0	1	0	0
4495.0	0	0	0	1
4519.0	0	1	0	0
4765.0	0	0	0	1
4806.0	0	1	0	0
5392.0	0	0	0	1
5428.0	0	1	0	0
5475.0	0	0	0	1
5493.0	0	0	0	1
5505.0	0	1	0	0
5529.0	0	1	0	0
5578.0	0	0	0	1
5607.0	0	1	0	0

